318
0 0 0 2  -411.60287 168.48 -18433.81 -121.62 0.4 -0.18 0
0 0 0 4  0.42034 -0.39 37.65 0.57 0 0 0
0 0 1 -4  -0.08019 0.77 -7.22 -1.46 0 0 0
0 0 1 -2  39.53393 -395.24 1788.33 720.91 -2.6 0.9 0
0 0 1 0  22639.55 0 0 412529.61 0 0 0
0 0 1 2  -45.10032 17.41 -2019.78 -830.2 0.09 -0.02 0
0 0 1 4  0.09092 -0.07 8.14 1.73 0 0 0
0 0 2 -2  -1.37259 -7.58 -62.49 -50.12 -0.07 0 0
0 0 2 0  769.02326 -257.51 -47.39 28008.99 -6.83 -0.56 0
0 0 2 2  -3.99767 2.4 -178.94 -146.18 0.05 0 0
0 0 2 4  0.01297 -0.01 1.16 0.48 0 0 0
0 0 3 -2  -0.05684 0.38 -2.65 -3.13 0 0 0
0 0 3 0  36.12364 -28.42 -5.1 1972.74 -0.93 -0.08 0
0 0 3 2  -0.32866 0.32 -14.7 -17.99 0 0 0
0 0 4 -2  -0.00354 0.04 -0.17 -0.26 0 0 0
0 0 4 0  1.93367 -2.65 -0.44 140.75 -0.1 0 0
0 0 4 2  -0.02602 0.04 -1.16 -1.9 0 0 0
0 0 5 0  0.111 -0.23 -0.04 10.1 0 0 0
0 0 6 0  0.00665 -0.02 0 0.73 0 0 0
0 1 -5 0  -0.00332 -0.07 0 -0.3 -0.2 0 0
0 1 -4 0  -0.04702 -1.04 0.03 -3.42 -2.82 0 0
0 1 -3 -2  0.00623 0.14 0.28 0.34 0.37 0 0
0 1 -3 0  -0.6694 -15.55 0.38 -36.53 -40.1 -0.02 0
0 1 -2 -2  0.05165 1.17 2.29 1.89 3.09 0 0
0 1 -2 0  -9.67938 -235.29 4.9 -352.52 -579.94 -0.15 0
0 1 -2 2  0.02429 0.74 1.09 0.89 1.46 0 0
0 1 -1 -2  0.30157 6.6 13.34 5.61 18.07 0 0
0 1 -1 0  -147.32654 -3778.62 68.68 -2688.53 -8829.17 -0.76 0
0 1 -1 2  -0.08049 0.25 -3.63 -1.39 -4.82 -0.01 0
0 1 0 -2  0.07501 -6.72 3.04 0.85 4.46 0 0
0 1 0 0  -666.44186 -5206.84 258.79 -555.98 -39887.79 1.73 0
0 1 0 2  0.41342 1.5 18.15 1.19 24.72 0.01 0
0 1 1 -2  -0.08282 1.73 -3.73 -1.5 -4.95 0 0
0 1 1 0  -109.38419 -2193.78 51.64 -2018.13 -6556.1 0.54 0
0 1 1 2  0.26338 4.53 11.65 5.03 15.78 0 0
0 1 2 -2  0.02677 1.1 1.2 0.97 1.6 0 0
0 1 2 0  -7.63041 -156.07 4.09 -279.89 -457.41 0.12 0
0 1 2 2  0.04338 0.81 1.92 1.61 2.6 0 0
0 1 3 0  -0.54594 -11.18 0.34 -29.97 -32.73 0.01 0
0 1 3 2  0.00526 0.1 0.23 0.29 0.32 0 0
0 1 4 0  -0.03947 -0.8 0.03 -2.89 -2.37 0 0
0 1 5 0  -0.00287 -0.06 0 -0.26 -0.17 0 0
0 2 -3 0  -0.01514 -0.5 0.01 -0.83 -1.81 0 0
0 2 -2 0  -0.19311 -6.23 0.13 -7.04 -23.13 0 0
0 2 -1 -2  0.00473 0.12 0.21 0.09 0.57 0 0
0 2 -1 0  -2.56813 -81.06 1.44 -46.94 -307.62 0 0
0 2 0 -2  -0.00355 -0.26 -0.16 0.02 -0.42 0 0
0 2 0 0  -7.44804 -12.64 2.98 -9.32 -891.27 0.03 0
0 2 0 2  0.00519 -0.03 0.23 0.02 0.62 0 0
0 2 1 0  -1.16177 -19.75 0.43 -21.52 -139.13 0 0
0 2 1 2  0.0027 0.03 0.12 0.05 0.32 0 0
0 2 2 0  -0.06513 -0.79 0.02 -2.39 -7.8 0 0
0 2 3 0  -0.00341 0 0 -0.19 -0.41 0 0
0 3 -2 0  -0.00416 -0.15 0 -0.15 -0.75 0 0
0 3 -1 0  -0.05142 -1.82 0.03 -0.94 -9.24 0 0
0 3 0 0  -0.10136 1.16 0.04 -0.2 -18.19 0 0
0 3 1 0  -0.01796 -0.3 0 -0.33 -3.23 0 0
1 -3 0 0  0.00254 0.03 0 0 0.45 0.99 0
1 -2 -1 0  0.00229 0.06 0 0.05 0.27 0.89 0
1 -2 0 0  0.04304 -0.01 0 0.06 5.14 16.74 -0.09
1 -1 -2 0  -0.00694 -0.25 0 -0.23 -0.42 -2.7 0.01
1 -1 -1 0  -0.13636 -3.24 0.19 -2.41 -8.17 -53.02 0.28
1 -1 0 -2  -0.01281 -0.13 -0.57 0 -0.77 -4.98 0.03
1 -1 0 0  -0.55694 -40.23 1.7 -0.01 -33.62 -216.55 1.14
1 -1 1 -2  -0.00212 -0.02 -0.09 -0.04 -0.13 -0.83 0
1 -1 1 0  -0.12073 -6.32 0.25 -2.38 -7.23 -46.94 0.25
1 -1 2 0  -0.01483 -0.72 0.03 -0.56 -0.89 -5.77 0.03
1 0 -4 0  -0.00955 -0.28 0.01 -0.7 0 -3.71 0.02
1 0 -3 0  -0.12812 -3.66 0.13 -7.03 -0.05 -49.82 0.26
1 0 -2 -2  0.00289 0.14 0.12 0.11 0 1.12 0
1 0 -2 0  -1.75296 -48.87 1.67 -64.28 -0.51 -681.6 3.59
1 0 -1 -2  -0.02379 0.12 -1.09 -0.42 0 -9.25 0.05
1 0 -1 0  -18.58467 -437.66 18.91 -346.51 -1 -7226.22 38.1
1 0 -1 2  0.01598 0.32 0.69 0.3 0 6.21 -0.03
1 0 0 -2  -0.58332 -5.89 -25.98 -0.12 0 -226.81 1.2
1 0 0 0  -124.98806 -2831.88 136.18 -86.6 -2.68 -48598.15 256.21
1 0 0 2  0.25429 5.73 11.11 0.26 0 98.87 -0.52
1 0 1 -2  -0.04012 -0.22 -1.8 -0.72 0 -15.6 0.08
1 0 1 0  -8.45308 -187.78 10.1 -158.62 0.77 -3286.75 17.33
1 0 1 2  0.0445 0.98 1.94 0.84 0 17.3 -0.09
1 0 2 0  -0.58399 -12.36 0.75 -21.52 0.13 -227.07 1.2
1 0 2 2  0.0054 0.12 0.24 0.2 0 2.1 -0.01
1 0 3 0  -0.04074 -0.81 0.06 -2.24 0.02 -15.84 0.08
1 0 4 0  -0.00285 -0.05 0 -0.21 0 -1.11 0
1 1 -3 0  0.02296 0.3 0 1.26 1.38 8.93 -0.05
1 1 -2 0  0.34966 5.36 -0.11 12.83 20.95 135.95 -0.72
1 1 -1 0  1.07773 9.38 -1.15 21.49 64.24 418.88 -2.21
1 1 0 0  17.95512 6.59 -11.64 21.84 1074.24 6981.34 -36.8
1 1 0 2  -0.03587 0 -1.58 -0.05 -2.15 -13.95 0.07
1 1 1 0  1.26186 1.83 -0.9 24.5 75.5 490.64 -2.59
1 1 1 2  -0.00659 0 -0.29 -0.13 -0.39 -2.56 0.01
1 1 2 0  0.09205 0.22 -0.07 3.46 5.51 35.79 -0.19
1 1 3 0  0.00679 0.02 0 0.38 0.41 2.64 -0.01
1 2 -2 0  0.00361 0.16 0 0.13 0.43 1.4 0
1 2 -1 0  -0.003 -0.18 0 -0.05 -0.36 -1.16 0
1 2 0 0  -0.03968 -0.61 0.04 -0.07 -4.75 -15.43 0.08
1 2 1 0  -0.00849 -0.16 0 -0.17 -1.02 -3.3 0.02
2 -4 -1 0  0.00812 0.24 0 0.15 1.94 0 0
2 -4 0 0  0.01331 0.58 0 0.02 3.18 0 0
2 -3 -2 0  0.00965 0.26 0 0.35 1.73 0 0
2 -3 -1 0  0.24697 6.33 -0.03 4.52 44.32 0 0
2 -3 0 0  0.33983 13.41 -0.12 0.74 60.98 0 0
2 -3 1 0  0.033 1.42 -0.02 0.67 5.92 0 0
2 -3 2 0  0.00295 0.14 0 0.11 0.53 0 0
2 -2 -3 0  0.01544 0.29 0 0.84 1.85 0 0
2 -2 -2 0  0.29422 6.88 -0.03 10.73 35.21 0 0
2 -2 -1 -2  -0.00434 -0.2 -0.19 -0.08 -0.52 0 0
2 -2 -1 0  7.37173 165.38 -1.06 134.79 881.89 -0.04 0
2 -2 -1 2  -0.01541 -0.33 -0.69 -0.29 -1.84 0 0
2 -2 0 -2  0.06314 0.43 2.82 -0.04 7.55 0 0
2 -2 0 0  8.05076 289.14 -3.14 21.09 962.91 -0.06 0
2 -2 0 2  -0.01816 -0.62 -0.81 -0.12 -2.17 0 0
2 -2 1 -2  -0.01644 -0.38 -0.74 -0.3 -1.97 0 0
2 -2 1 0  0.75173 29.04 -0.43 15.47 89.9 0 0
2 -2 1 2  -0.00378 -0.14 -0.17 -0.09 -0.45 0 0
2 -2 2 0  0.06439 2.63 -0.05 2.5 7.7 0 0
2 -2 3 0  0.00538 0.23 0 0.31 0.64 0 0
2 -1 -4 0  0.02949 0.41 0 2.15 1.77 0 0
2 -1 -3 -2  -0.00365 -0.08 -0.16 -0.2 -0.22 0 0
2 -1 -3 0  0.47842 8.72 -0.05 26.15 28.63 0 0
2 -1 -2 -2  -0.02804 -0.74 -1.25 -1.03 -1.68 0 0
2 -1 -2 0  8.60582 187.04 -1.14 313.85 515.03 0.02 0
2 -1 -2 2  -0.02157 -0.21 -0.97 -0.79 -1.29 0 0
2 -1 -1 -2  -0.06103 -3.57 -2.72 -1.22 -3.65 0 0
2 -1 -1 0  205.44315 4157.78 -32.99 3751.43 12284.72 -0.13 0
2 -1 -1 2  -0.42624 -8.3 -19.01 -7.93 -25.48 0 0
2 -1 0 -4  -0.00286 -0.02 -0.26 0 -0.17 0 0
2 -1 0 -2  2.14619 18.77 95.81 -0.84 128.22 0.05 0
2 -1 0 0  164.73458 5378.28 -77.43 545.71 9844.15 -0.18 0
2 -1 0 2  -0.38215 -11.75 -16.94 -3.1 -22.84 0 0
2 -1 1 -2  -0.37453 -6.5 -16.89 -6.91 -22.36 0 0
2 -1 1 0  14.53078 497.46 -9.38 307.25 867.99 0 0
2 -1 1 2  -0.07373 -2.45 -3.26 -1.77 -4.4 0 0
2 -1 2 -2  -0.02887 -0.54 -1.3 -1.06 -1.72 0 0
2 -1 2 0  1.17704 41.72 -0.96 46.23 70.28 0 0
2 -1 2 2  -0.01007 -0.35 -0.44 -0.42 -0.6 0 0
2 -1 3 -2  -0.00232 -0.05 -0.1 -0.13 -0.14 0 0
2 -1 3 0  0.0932 3.39 -0.09 5.36 5.56 0 0
2 -1 4 0  0.0073 0.27 0 0.55 0.44 0 0
2 0 -6 0  0.00497 0.1 0 0.54 0 0 0
2 0 -5 0  0.0685 1.4 -0.03 6.24 0 0 0
2 0 -4 -2  -0.01077 -0.24 -0.48 -0.79 0 0 0
2 0 -4 0  0.94827 19.71 -0.3 69.11 0.06 0 0
2 0 -3 -2  -0.09154 -2.11 -4.08 -5.03 0 0 0
2 0 -3 0  13.194 279.87 -3.19 721.29 0.65 0.14 0
2 0 -3 2  0.00467 0.38 0.2 0.24 0 0 0
2 0 -2 -2  -0.56065 -14.54 -24.99 -20.69 -0.01 0 0
2 0 -2 0  211.65487 4685.54 -42.06 7715.64 7.86 2.12 -0.01
2 0 -2 2  -0.53572 -4.5 -24.12 -19.5 0.04 -0.01 0
2 0 -2 4  0.00282 0.02 0.25 0.1 0 0 0
2 0 -1 -4  -0.0085 0 -0.76 -0.14 0 0 0
2 0 -1 -2  0.17903 -34.06 7.98 1.01 0.03 0.18 0
2 0 -1 0  4586.43061 87132.46 -842.12 83586.18 -191.17 20.31 -0.17
2 0 -1 2  -9.36601 -173.58 -417.66 -173.7 0.48 -0.06 0
2 0 -1 4  0.01993 0.36 1.78 0.39 0 0 0
2 0 0 -4  -0.07518 -0.7 -6.72 0.06 0 0 0
2 0 0 -2  55.17801 530.97 2463.55 -15.35 -6.96 1.2 0
2 0 0 0  2369.91227 69551.14 -1472.5 10817.07 -255.36 22.07 -0.15
2 0 0 2  -5.7417 -155.85 -254 -59.77 0.64 -0.1 0
2 0 0 4  0.01372 0.35 1.22 0.21 0 0 0
2 0 1 -2  -6.38325 -72.7 -288.51 -117.47 1.16 0 0
2 0 1 0  191.95575 5619.27 -153.09 4250.55 -30.1 2.78 -0.02
2 0 1 2  -0.99023 -27.73 -43.7 -25.33 0.16 -0.02 0
2 0 1 4  0.00344 0.09 0.31 0.1 0 0 0
2 0 2 -2  -0.4538 -4.94 -20.52 -16.63 0.1 0 0
2 0 2 0  14.37964 417.8 -13.71 577.47 -3.08 0.28 0
2 0 2 2  -0.12386 -3.49 -5.45 -5.28 0.03 0 0
2 0 3 -2  -0.03336 -0.35 -1.51 -1.83 0 0 0
2 0 3 0  1.05949 30.46 -1.16 61.74 -0.3 0.03 0
2 0 3 2  -0.01332 -0.37 -0.59 -0.8 0 0 0
2 0 4 -2  -0.00247 -0.03 -0.11 -0.18 0 0 0
2 0 4 0  0.07765 2.2 -0.1 5.93 -0.03 0 0
2 0 5 0  0.00568 0.16 0 0.54 0 0 0
2 1 -4 0  0.01819 1.37 -0.02 1.32 1.1 0 0
2 1 -3 0  0.17624 15.8 -0.23 9.59 10.63 0.05 0
2 1 -2 -2  -0.00346 -0.43 -0.15 -0.13 -0.21 0 0
2 1 -2 0  2.48897 257.3 -3.72 89.71 150.19 0.26 0
2 1 -1 -2  -0.00228 0.76 -0.11 -0.05 -0.13 0 0
2 1 -1 0  -28.3981 915.46 -16.7 -528.73 -1693.3 -0.38 0
2 1 -1 2  0.06742 -1.63 3.04 1.29 4.02 0 0
2 1 0 -2  -1.43724 -23.32 -64.11 -0.16 -86.03 -0.04 0
2 1 0 0  -24.3591 -661 29.13 -128.06 -1457.61 -5.21 0.03
2 1 0 2  0.06541 1.46 2.86 0.75 3.91 0.03 0
2 1 1 -2  0.08472 -0.38 3.85 1.59 5.05 0 0
2 1 1 0  -2.91464 -100.96 4.26 -66.13 -174.49 -0.75 0
2 1 1 2  0.01605 0.51 0.7 0.42 0.96 0 0
2 1 2 -2  0.00889 0.07 0.4 0.33 0.53 0 0
2 1 2 0  -0.29023 -11.13 0.47 -11.8 -17.38 -0.08 0
2 1 2 2  0.00262 0.1 0.11 0.11 0.16 0 0
2 1 3 0  -0.02676 -1.08 0.05 -1.57 -1.6 0 0
2 1 4 0  -0.00236 -0.1 0 -0.18 -0.14 0 0
2 2 -3 0  -0.00944 -0.26 0 -0.53 -1.14 0 0
2 2 -2 0  -0.2499 -10.76 0.11 -9.2 -29.88 -0.02 0
2 2 -1 -2  -0.00654 -0.24 -0.29 -0.09 -0.78 0 0
2 2 -1 0  -2.52138 -84.66 0.74 -46.07 -302.13 0.07 0
2 2 -1 2  0.00515 0.17 0.23 0.1 0.62 0 0
2 2 0 -2  -0.02349 -0.29 -0.9 0.49 -2.75 0.04 0
2 2 0 0  -0.18576 -6.48 0.33 -6.56 -22.26 0.39 0
2 2 1 0  -0.01343 -0.46 0.03 -0.71 -1.61 0.06 0
3 -2 -2 0  -0.00399 -0.1 0 -0.15 -0.48 -1.55 0
3 -2 -1 0  -0.01182 -0.5 0 -0.23 -1.41 -4.6 0.02
3 -2 0 0  0.00518 0.05 0 -0.05 0.62 2.01 -0.01
3 -1 -3 0  -0.00297 -0.06 0 -0.16 -0.18 -1.16 0
3 -1 -2 0  -0.08311 -1.91 0.02 -3.04 -4.98 -32.32 0.17
3 -1 -1 0  -0.23141 -9.24 0.19 -4.48 -13.78 -89.98 0.47
3 -1 0 -2  -0.01948 -0.34 -0.87 0 -1.16 -7.57 0.04
3 -1 0 0  0.06507 -0.18 0.16 -1.04 3.93 25.3 -0.13
3 -1 1 0  0.0033 -0.25 0.03 -0.05 0.21 1.28 0
3 0 -3 0  -0.04442 -0.91 0 -2.43 -0.03 -17.27 0.09
3 0 -2 0  -1.22412 -28.1 0.42 -44.73 -0.15 -475.97 2.51
3 0 -2 2  0.00298 0.07 0.13 0.11 0 1.16 0
3 0 -1 -2  -0.02979 -0.39 -1.33 -0.54 0 -11.59 0.06
3 0 -1 0  -3.20968 -121.62 3.09 -62.39 1.61 -1248.01 6.58
3 0 -1 2  0.01215 0.48 0.53 0.25 0 4.72 -0.02
3 0 0 -2  -0.25304 -3.6 -11.27 0.1 0.08 -98.39 0.52
3 0 0 0  0.40423 -12.92 2.28 -14.17 1.05 157.17 -0.83
3 0 0 2  0.00375 0.24 0.16 0.11 0 1.46 0
3 0 1 -2  -0.01062 -0.05 -0.47 -0.18 0 -4.13 0.02
3 0 2 0  -0.00389 -0.5 0.04 -0.26 0.02 -1.51 0
3 1 -3 0  -0.00623 -0.3 0 -0.34 -0.37 -2.42 0.01
3 1 -2 0  -0.04189 -2.51 0.02 -1.5 -2.52 -16.29 0.09
3 1 -1 0  0.27377 5.06 -0.24 5.22 16.36 106.45 -0.56
3 1 0 -2  0.00891 0.14 0.4 -0.01 0.53 3.46 -0.02
3 1 0 0  0.1499 4.45 -0.27 1.61 8.95 58.29 -0.31
3 1 1 0  0.02244 0.7 -0.04 0.59 1.34 8.73 -0.05
3 1 2 0  0.00256 0.08 0 0.11 0.15 1 0
4 -3 -2 0  0.00755 0.33 0 0.28 1.35 0 0
4 -3 -1 0  0.01741 0.97 -0.01 0.36 3.12 0 0
4 -3 0 0  0.00971 0.65 0 0.11 1.74 0 0
4 -2 -3 0  0.0056 0.27 0 0.31 0.67 0 0
4 -2 -2 0  0.15781 6.46 -0.06 5.77 18.87 0 0
4 -2 -1 0  0.30874 16.37 -0.23 6.49 36.9 0 0
4 -2 0 0  0.15227 9.62 -0.17 1.88 18.19 0.01 0
4 -2 1 0  0.02411 1.58 -0.03 0.66 2.88 0 0
4 -2 2 0  0.0029 0.2 0 0.13 0.35 0 0
4 -1 -3 0  0.09982 4.58 -0.04 5.46 5.98 0.02 0
4 -1 -2 0  2.73198 106.73 -1.04 99.83 163.2 0.11 0
4 -1 -2 2  -0.01533 -0.59 -0.68 -0.57 -0.92 0 0
4 -1 -1 -2  0.02289 0.27 1.02 0.41 1.36 0.02 0
4 -1 -1 0  4.37416 221 -3.71 93.87 260.99 -0.05 0
4 -1 -1 2  -0.02273 -1.12 -1 -0.56 -1.36 0 0
4 -1 0 -2  0.00666 0.75 0.26 -0.27 0.39 0.02 0
4 -1 0 0  1.87083 111.8 -2.35 25.65 111.49 0.16 0
4 -1 0 2  -0.01114 -0.64 -0.49 -0.23 -0.66 0 0
4 -1 1 -2  -0.00732 -0.28 -0.33 -0.18 -0.44 0 0
4 -1 1 0  0.28251 17.39 -0.42 8.05 16.82 0.02 0
4 -1 1 2  -0.00251 -0.15 -0.11 -0.08 -0.15 0 0
4 -1 2 0  0.03274 2.05 -0.06 1.49 1.95 0 0
4 -1 3 0  0.00336 0.21 0 0.21 0.2 0 0
4 0 -5 0  -0.00431 -0.18 0 -0.39 0 0 0
4 0 -3 0  1.18682 52.89 -0.5 64.88 0.22 0.25 0
4 0 -3 2  -0.00934 -0.29 -0.42 -0.51 0 0 0
4 0 -2 -2  0.00662 0.09 0.29 0.24 0 0 0
4 0 -2 0  30.77247 1164.74 -12.42 1123.35 -4.25 1.18 0
4 0 -2 2  -0.16977 -6.36 -7.54 -6.26 0.03 0 0
4 0 -1 -2  0.30086 5.06 13.37 5.39 -0.19 0.15 0
4 0 -1 0  38.42974 1853.28 -37.86 849.77 -9.84 0.08 0
4 0 -1 2  -0.20134 -9.45 -8.85 -5.16 0.05 0 0
4 0 0 -2  -0.02391 4.23 -1.47 -2.51 -0.04 0.16 0
4 0 0 0  13.89903 782.37 -19.88 215.74 -5.22 1.37 0
4 0 0 2  -0.085 -4.56 -3.71 -1.97 0.03 0 0
4 0 1 -2  -0.06601 -2.12 -2.98 -1.62 0.03 0.02 0
4 0 1 0  1.97772 113.34 -3.31 59.21 -0.94 0.18 0
4 0 1 2  -0.01781 -0.99 -0.77 -0.63 0 0 0
4 0 2 -2  -0.0098 -0.35 -0.44 -0.41 0 0 0
4 0 2 0  0.21853 12.57 -0.41 10.19 -0.13 0.02 0
4 0 2 2  -0.00274 -0.15 -0.12 -0.14 0 0 0
4 0 3 0  0.02149 1.24 -0.04 1.38 -0.02 0 0
4 1 -3 0  0.02682 3.5 -0.05 1.45 1.6 0.02 0
4 1 -2 0  -0.35759 7.75 -0.18 -13.13 -21.49 -0.04 0
4 1 -2 2  0.0022 -0.03 0.1 0.08 0.13 0 0
4 1 -1 -2  -0.01875 -0.68 -0.83 -0.35 -1.12 0 0
4 1 -1 0  -0.63523 -17.62 0.74 -14.32 -38.11 -0.21 0
4 1 -1 2  0.00353 0.09 0.15 0.09 0.21 0 0
4 1 0 0  -0.28911 -15.1 0.59 -4.73 -17.3 -0.06 0
4 1 1 0  -0.0507 -2.99 0.12 -1.55 -3.03 -0.01 0
4 1 2 0  -0.00668 -0.42 0.02 -0.32 -0.4 0 0
4 2 -3 0  -0.00369 -0.24 0 -0.2 -0.44 0 0
4 2 -2 0  -0.03514 -2.04 0.02 -1.29 -4.21 0 0
4 2 -1 0  -0.02171 -1.51 0.03 -0.57 -2.6 0.01 0
4 2 0 0  -0.00208 -0.16 0 -0.12 -0.25 0 0
5 -1 -2 0  -0.00693 -0.4 0 -0.26 -0.41 -2.7 0.01
5 0 -3 0  -0.01686 -0.72 0 -0.92 0 -6.56 0.03
5 0 -2 0  -0.05725 -3.18 0.07 -2.18 0.05 -22.26 0.12
5 0 -1 -2  -0.00335 -0.11 -0.15 -0.06 0 -1.3 0
5 0 -1 0  -0.0135 -1.57 0.09 -0.64 0.06 -5.25 0.03
5 0 0 0  0.00439 -0.05 0.03 -0.18 0.03 1.71 0
5 1 -2 0  0.00392 0.12 0 0.15 0.23 1.52 0
5 1 -1 0  0.00475 0.24 -0.01 0.12 0.28 1.85 0
6 -2 -3 0  0.00312 0.19 0 0.17 0.37 0 0
6 -2 -2 0  0.00836 0.59 0 0.33 1 0 0
6 -2 -1 0  0.00744 0.61 -0.01 0.21 0.89 0 0
6 -2 0 0  0.00285 0.26 0 0.07 0.34 0 0
6 -1 -3 0  0.039 2.28 -0.02 2.14 2.33 0 0
6 -1 -2 0  0.09033 6.23 -0.11 3.59 5.38 0 0
6 -1 -1 0  0.07142 5.64 -0.12 2.05 4.25 0 0
6 -1 0 0  0.0251 2.16 -0.05 0.66 1.49 0 0
6 -1 1 0  0.00477 0.42 -0.01 0.18 0.28 0 0
6 0 -4 0  0.01376 0.88 0 1 0 0 0
6 0 -3 0  0.29255 16.72 -0.19 16.04 -0.08 0.03 0
6 0 -3 2  -0.00287 -0.16 -0.13 -0.16 0 0 0
6 0 -2 -2  0.00364 0.13 0.16 0.13 0 0 0
6 0 -2 0  0.57156 38.34 -0.75 22.97 -0.26 0.02 0
6 0 -2 2  -0.00509 -0.34 -0.22 -0.22 0 0 0
6 0 -1 0  0.39451 30.1 -0.74 11.79 -0.25 0.03 0
6 0 -1 2  -0.00359 -0.27 -0.16 -0.13 0 0 0
6 0 0 -2  -0.00214 -0.07 -0.1 -0.07 0 0 0
6 0 0 0  0.12616 10.43 -0.29 3.57 -0.1 0.02 0
6 0 1 0  0.02285 1.93 -0.06 0.91 -0.02 0 0
6 0 2 0  0.00318 0.27 0 0.18 0 0 0
6 1 -3 0  -0.00478 0.05 0 -0.26 -0.29 0 0
6 1 -2 0  -0.01282 -0.47 0.02 -0.52 -0.77 0 0
6 1 -1 0  -0.01064 -0.66 0.02 -0.32 -0.64 0 0
6 1 0 0  -0.00396 -0.31 0.01 -0.12 -0.24 0 0
8 0 -4 0  0.00324 0.25 0 0.24 0 0 0
8 0 -3 0  0.0084 0.72 -0.01 0.49 0 0 0
8 0 -2 0  0.00866 0.83 -0.02 0.4 0 0 0
8 0 -1 0  0.00455 0.47 -0.01 0.18 0 0 0
278
0 0 0 1  18461.4 0 412529.61 0 0 0 0
0 0 0 3  -6.29664 7.68 -422.65 -13.21 0.02 -0.02 0
0 0 0 5  0.00592 0 0.66 0.02 0 0 0
0 0 1 -5  -0.00236 0.02 -0.26 -0.05 0 0 0
0 0 1 -3  2.79871 -17.13 188.68 50.78 -0.11 0.04 0
0 0 1 -1  999.70079 -563.82 22508.54 18298.82 -0.92 -0.21 0
0 0 1 1  1010.1743 -93.16 22571.83 18386.36 -0.76 -0.17 0
0 0 1 3  -1.01941 0.95 -68.42 -19.88 0 0 0
0 0 2 -3  -0.13035 -0.4 -8.78 -4.77 0 0 0
0 0 2 -1  31.75985 -167.64 723.95 1159.97 -1.09 0.22 0
0 0 2 1  61.91229 -23.73 1382.4 2253.18 -0.62 -0.06 0
0 0 2 3  -0.11787 0.11 -7.91 -4.41 0 0 0
0 0 3 -1  1.58131 -10.25 36.06 86.53 -0.08 0 0
0 0 3 1  3.98407 -3.3 88.86 217.43 -0.11 -0.01 0
0 0 3 3  -0.01181 0.01 -0.79 -0.65 0 0 0
0 0 4 -1  0.09157 -0.7 2.09 6.68 0 0 0
0 0 4 1  0.26325 -0.37 5.86 19.15 -0.01 0 0
0 0 5 -1  0.00566 -0.05 0.13 0.51 0 0 0
0 0 5 1  0.01768 -0.04 0.39 1.61 0 0 0
0 1 -4 -1  -0.00646 -0.14 -0.14 -0.47 -0.39 0 0
0 1 -3 -1  -0.07479 -1.69 -1.63 -4.08 -4.48 0 0
0 1 -3 1  -0.02365 -0.35 -0.53 -1.29 -1.42 0 0
0 1 -2 -1  -0.79322 -18.59 -17.32 -28.86 -47.52 -0.01 0
0 1 -2 1  -0.30129 -4.79 -6.71 -11.01 -18.04 -0.01 0
0 1 -1 -3  0.00679 0.14 0.45 0.14 0.41 0 0
0 1 -1 -1  -6.73173 -159.36 -146.94 -122.89 -403.36 -0.03 0
0 1 -1 1  -5.6326 -148.81 -123.96 -102.8 -337.62 -0.04 0
0 1 -1 3  -0.00911 -0.2 -0.61 -0.15 -0.55 0 0
0 1 0 -1  -4.83983 70.86 -100.97 -8.74 -289.05 0.02 0
0 1 0 1  -6.46036 28.14 -136.25 -20.21 -386.09 0.29 0
0 1 0 3  0.01157 0.06 0.77 0.04 0.69 0 0
0 1 1 -3  -0.00703 -0.04 -0.47 -0.13 -0.42 0 0
0 1 1 -1  -5.07614 -113.16 -112.23 -93.12 -304.28 0 0
0 1 1 1  -5.31151 -99.03 -115.96 -99.19 -318.3 0.06 0
0 1 1 3  0.00668 0.1 0.45 0.13 0.4 0 0
0 1 2 -1  -0.31292 -4.92 -6.96 -11.47 -18.75 0 0
0 1 2 1  -0.63884 -12.56 -13.95 -23.51 -38.29 0.01 0
0 1 3 -1  -0.02419 -0.36 -0.54 -1.33 -1.45 0 0
0 1 3 1  -0.06176 -1.23 -1.35 -3.4 -3.7 0 0
0 1 4 1  -0.00548 -0.11 -0.12 -0.4 -0.33 0 0
0 2 -2 -1  -0.01571 -0.49 -0.34 -0.57 -1.88 0 0
0 2 -2 1  -0.00536 -0.12 -0.12 -0.2 -0.64 0 0
0 2 -1 -1  -0.11335 -3.25 -2.46 -2.07 -13.58 0 0
0 2 -1 1  -0.09511 -3.17 -2.08 -1.73 -11.39 0 0
0 2 0 -1  -0.01801 3.13 -0.33 -0.14 -2.14 0 0
0 2 0 1  -0.05729 2.09 -1.19 -0.39 -6.84 0 0
0 2 1 -1  -0.06187 -1.29 -1.37 -1.13 -7.41 0 0
0 2 1 1  -0.05504 -0.81 -1.21 -1.04 -6.59 0 0
0 2 2 -1  -0.00284 -0.02 -0.06 -0.1 -0.34 0 0
0 2 2 1  -0.00528 -0.06 -0.12 -0.19 -0.63 0 0
0 3 -1 -1  -0.00216 -0.07 -0.05 -0.04 -0.39 0 0
1 -2 0 1  0.00214 0 0.05 0 0.26 0.83 0
1 -1 -1 -1  0.01031 0.07 0.23 0.2 0.62 4.01 -0.02
1 -1 0 -1  -0.01346 -1.07 -0.27 0 -0.82 -5.23 0.03
1 -1 0 1  -0.01829 -1.52 -0.33 0 -1.11 -7.11 0.04
1 -1 1 -1  -0.02012 -0.42 -0.45 -0.38 -1.2 -7.83 0.04
1 -1 1 1  -0.00845 -0.45 -0.17 -0.17 -0.51 -3.29 0.02
1 0 -3 -1  -0.01255 -0.37 -0.27 -0.69 0 -4.88 0.03
1 0 -3 1  -0.00537 -0.12 -0.12 -0.29 0 -2.09 0.01
1 0 -2 -1  -0.10964 -3.19 -2.33 -4.03 -0.02 -42.63 0.22
1 0 -2 1  -0.07846 -2 -1.72 -2.87 -0.03 -30.51 0.16
1 0 -1 -3  -0.00369 -0.04 -0.25 -0.07 0 -1.44 0
1 0 -1 -1  -0.42989 -13.13 -8.83 -8.15 -0.01 -167.15 0.88
1 0 -1 1  0.13928 1.86 3.37 2.46 0.04 54.16 -0.29
1 0 -1 3  0.00234 0.05 0.16 0.04 0 0.91 0
1 0 0 -3  -0.03226 -0.41 -2.15 0 0 -12.54 0.07
1 0 0 -1  -4.80578 -102.5 -103.39 -3.12 -0.09 -1868.59 9.85
1 0 0 1  -5.36844 -119.82 -113.86 -3.16 -0.08 -2087.37 11
1 0 0 3  0.00645 0.15 0.43 0.02 0 2.51 -0.01
1 0 1 -1  -0.58893 -7.87 -13.1 -10.9 0.03 -228.99 1.21
1 0 1 1  -0.66741 -14.68 -14.15 -12.47 0.07 -259.5 1.37
1 0 2 -1  -0.03636 -0.4 -0.81 -1.34 0 -14.14 0.07
1 0 2 1  -0.06383 -1.35 -1.35 -2.35 0.02 -24.82 0.13
1 0 3 -1  -0.00247 -0.02 -0.05 -0.14 0 -0.96 0
1 0 3 1  -0.00553 -0.11 -0.12 -0.3 0 -2.15 0.01
1 1 -2 -1  0.01597 0.2 0.35 0.59 0.96 6.21 -0.03
1 1 -2 1  0.0168 0.23 0.38 0.61 1.01 6.53 -0.03
1 1 -1 -1  0.00635 -0.38 0.07 0.2 0.36 2.46 -0.01
1 1 -1 1  -0.0559 -0.18 -1.29 -0.97 -3.36 -21.74 0.11
1 1 0 -1  0.80426 0.22 17.53 1.11 48.12 312.71 -1.65
1 1 0 1  0.80263 0.34 17.41 0.85 48.02 312.08 -1.65
1 1 1 -1  0.03465 0.09 0.75 0.71 2.07 13.48 -0.07
1 1 1 1  0.10176 0.15 2.2 1.97 6.09 39.57 -0.21
1 1 2 -1  0.00317 0 0.07 0.12 0.19 1.23 0
1 1 2 1  0.01016 0.03 0.22 0.38 0.61 3.95 -0.02
2 -3 -1 -1  0.00914 0.25 0.2 0.17 1.64 0 0
2 -3 -1 1  0.01042 0.25 0.23 0.19 1.87 0 0
2 -3 0 -1  0.03647 0.91 0.81 0.02 6.54 0 0
2 -3 0 1  0.01603 0.62 0.35 0.06 2.88 0 0
2 -3 1 -1  0.0024 0.07 0.05 0.05 0.43 0 0
2 -3 1 1  0.00256 0.11 0.06 0.05 0.46 0 0
2 -2 -2 -1  0.02285 0.53 0.51 0.83 2.73 0 0
2 -2 -1 -1  0.26865 6.32 5.97 4.91 32.14 0 0
2 -2 -1 1  0.31474 6.78 6.97 5.75 37.65 0 0
2 -2 0 -3  0.00273 0.03 0.18 0 0.33 0 0
2 -2 0 -1  1.08587 23.51 24.25 0.47 129.87 0 0
2 -2 0 1  0.38353 13.48 8.45 1.72 45.87 0 0
2 -2 1 -1  0.06915 1.69 1.51 1.31 8.27 0 0
2 -2 1 1  0.05848 2.24 1.28 1.26 6.99 0 0
2 -2 2 -1  0.00555 0.16 0.12 0.21 0.66 0 0
2 -2 2 1  0.00677 0.27 0.15 0.27 0.81 0 0
2 -1 -4 -1  0.00416 0.06 0.09 0.3 0.25 0 0
2 -1 -3 -1  0.05502 0.99 1.23 3.01 3.29 0 0
2 -1 -3 1  0.00935 0.12 0.21 0.51 0.56 0 0
2 -1 -2 -1  0.65025 13.75 14.46 23.7 38.91 0 0
2 -1 -2 1  -0.06208 -0.48 -1.4 -2.27 -3.71 0 0
2 -1 -2 3  -0.00267 -0.03 -0.18 -0.1 -0.16 0 0
2 -1 -1 -3  0.01034 0.06 0.69 0.17 0.62 0 0
2 -1 -1 -1  7.43488 154.99 165.14 135.9 444.61 -0.02 0
2 -1 -1 1  8.86853 174.25 196.33 161.68 530.29 -0.01 0
2 -1 -1 3  -0.01177 -0.23 -0.79 -0.24 -0.7 0 0
2 -1 0 -3  0.08815 0.98 5.9 -0.13 5.27 0 0
2 -1 0 -1  29.57794 553.39 661.64 12.43 1767.42 0.16 0
2 -1 0 1  7.95891 253.11 175.21 44.35 475.6 0 0
2 -1 0 3  -0.00944 -0.28 -0.63 -0.11 -0.56 0 0
2 -1 1 -3  -0.01669 -0.3 -1.12 -0.31 -1 0 0
2 -1 1 -1  1.76606 35.98 38.73 33.43 105.5 0.02 0
2 -1 1 1  1.13466 38.36 24.88 25.43 67.78 0 0
2 -1 1 3  -0.00224 -0.07 -0.15 -0.06 -0.13 0 0
2 -1 2 -1  0.12897 2.89 2.78 4.82 7.7 0 0
2 -1 2 1  0.12387 4.35 2.71 4.97 7.4 0 0
2 -1 3 -1  0.00985 0.24 0.21 0.55 0.59 0 0
2 -1 3 1  0.01211 0.44 0.26 0.7 0.72 0 0
2 0 -5 -1  0.01127 0.23 0.25 1.03 0 0 0
2 0 -5 1  0.0023 0.03 0.05 0.21 0 0 0
2 0 -4 -1  0.13381 2.77 2.96 9.75 0 0 0
2 0 -4 1  0.02496 0.39 0.56 1.82 0 0 0
2 0 -3 -1  1.51564 31.76 33.59 82.84 0.07 0 0
2 0 -3 1  0.25408 3.88 5.75 13.92 0 0.01 0
2 0 -3 3  0.00232 0.05 0.16 0.13 0 0 0
2 0 -2 -3  0.02045 0.1 1.37 0.7 0 0 0
2 0 -2 -1  15.56635 330.35 344.99 567.47 0.23 0.03 0
2 0 -2 1  -1.62443 -20.88 -36.38 -59.2 0.18 -0.02 0
2 0 -2 3  -0.06561 -0.77 -4.41 -2.38 0 0 0
2 0 -1 -3  0.32907 3.62 22.03 5.64 -0.02 0.01 0
2 0 -1 -1  166.57528 3219.29 3695.9 3042.8 -5.99 0.39 0
2 0 -1 1  199.48515 3726.28 4413.25 3627.39 -8.68 0.73 0
2 0 -1 3  -0.24484 -4.55 -16.39 -4.94 0.02 0 0
2 0 0 -5  -0.00221 -0.02 -0.25 0 0 0 0
2 0 0 -3  2.18637 23.85 146.45 -2.38 -0.27 0.03 0
2 0 0 -1  623.65783 9963.62 13978.19 245.16 -70.26 5 -0.03
2 0 0 1  117.26161 3313.25 2575.66 874.52 -12.65 1.79 -0.01
2 0 0 3  -0.14453 -3.71 -9.64 -2.05 0.02 0 0
2 0 1 -3  -0.29116 -3.49 -19.63 -5.36 0.05 0 0
2 0 1 -1  33.35743 512.77 735.76 630.31 -5.21 0.43 0
2 0 1 1  15.12165 433.44 331.25 359.2 -2.4 0.31 0
2 0 1 3  -0.03038 -0.82 -2.02 -0.85 0 0 0
2 0 2 -3  -0.00995 -0.12 -0.68 -0.36 0 0 0
2 0 2 -1  2.14618 33.22 46.62 80.12 -0.45 0.04 0
2 0 2 1  1.51976 43.48 33.21 62.71 -0.33 0.04 0
2 0 2 3  -0.00451 -0.12 -0.3 -0.2 0 0 0
2 0 3 -1  0.14642 2.28 3.13 8.16 -0.04 0 0
2 0 3 1  0.13795 3.92 3.01 8.15 -0.04 0 0
2 0 4 -1  0.01027 0.16 0.22 0.76 0 0 0
2 0 4 1  0.01186 0.33 0.26 0.91 0 0 0
2 1 -4 -1  0.00247 0.19 0.05 0.18 0.15 0 0
2 1 -3 -1  0.01818 1.67 0.38 0.99 1.1 0 0
2 1 -2 -1  0.07913 12.08 1.57 2.84 4.8 0 0
2 1 -2 1  0.05429 3.18 1.16 1.97 3.26 0 0
2 1 -1 -3  -0.00342 0.05 -0.23 -0.06 -0.2 0 0
2 1 -1 -1  -0.79105 41.53 -18.4 -14.91 -47.09 -0.01 0
2 1 -1 1  -1.31788 39.71 -29.98 -24.58 -78.59 0 0
2 1 0 -3  -0.05457 -0.95 -3.65 0.01 -3.27 0 0
2 1 0 -1  -12.0947 -205.76 -271.06 -3.14 -723.84 -0.31 0
2 1 0 1  -1.26433 -30.65 -27.38 -10.59 -75.65 -0.41 0
2 1 1 -3  0.00465 0.02 0.31 0.09 0.28 0 0
2 1 1 -1  -0.82275 -17.02 -18.2 -15.41 -49.25 -0.04 0
2 1 1 1  -0.23702 -7.85 -5.1 -5.79 -14.19 -0.08 0
2 1 2 -1  -0.06283 -1.47 -1.37 -2.34 -3.76 0 0
2 1 2 1  -0.03142 -1.17 -0.67 -1.31 -1.88 -0.01 0
2 1 3 -1  -0.00496 -0.13 -0.11 -0.28 -0.3 0 0
2 1 3 1  -0.00355 -0.14 -0.08 -0.21 -0.21 0 0
2 2 -2 -1  -0.01262 -0.47 -0.28 -0.46 -1.51 0 0
2 2 -2 1  -0.00504 -0.27 -0.11 -0.19 -0.6 0 0
2 2 -1 -1  -0.10535 -3.66 -2.34 -1.91 -12.62 0 0
2 2 -1 1  -0.1133 -3.82 -2.5 -2.08 -13.58 0 0
2 2 0 -1  -0.13415 -2.41 -3.04 -0.26 -16.07 0 0
2 2 0 1  -0.01482 -0.52 -0.32 -0.53 -1.78 0.03 0
2 2 1 -1  -0.00617 -0.08 -0.14 -0.13 -0.74 0 0
3 -1 -2 -1  -0.00282 -0.07 -0.06 -0.1 -0.17 -1.1 0
3 -1 -2 1  -0.00329 -0.07 -0.07 -0.12 -0.2 -1.28 0
3 -1 -1 -1  -0.02104 -0.53 -0.47 -0.39 -1.26 -8.18 0.04
3 -1 -1 1  -0.01356 -0.55 -0.29 -0.27 -0.81 -5.27 0.03
3 -1 0 -1  -0.02572 -0.94 -0.6 -0.07 -1.53 -10 0.05
3 -1 1 -1  -0.00275 -0.11 -0.06 -0.06 -0.16 -1.07 0
3 0 -3 -1  -0.00287 -0.04 -0.06 -0.16 0 -1.12 0
3 0 -2 -1  -0.03941 -0.88 -0.87 -1.44 0 -15.32 0.08
3 0 -2 1  -0.04852 -1.04 -1.06 -1.77 0 -18.87 0.1
3 0 -1 -1  -0.30517 -7.43 -6.74 -5.66 0.08 -118.66 0.63
3 0 -1 1  -0.20593 -7.88 -4.39 -4.05 0.12 -80.07 0.42
3 0 0 -3  -0.01009 -0.13 -0.68 0 0 -3.92 0.02
3 0 0 -1  -0.35183 -11.87 -8.15 -0.99 0.22 -136.8 0.72
3 0 0 1  -0.0284 -2.77 -0.49 -1.37 0.1 -11.04 0.06
3 0 1 -1  -0.03611 -1.26 -0.83 -0.75 0.03 -14.04 0.07
3 0 1 1  -0.00658 -0.56 -0.12 -0.29 0.02 -2.56 0.01
3 0 2 -1  -0.00322 -0.12 -0.07 -0.13 0 -1.25 0
3 1 -2 1  -0.00261 -0.12 -0.06 -0.09 -0.16 -1.02 0
3 1 -1 -1  0.01321 0.23 0.29 0.25 0.79 5.14 -0.03
3 1 -1 1  0.02083 0.37 0.45 0.39 1.24 8.1 -0.04
3 1 0 -1  0.03436 0.68 0.77 0.09 2.05 13.36 -0.07
3 1 0 1  0.01351 0.39 0.29 0.17 0.81 5.25 -0.03
3 1 1 -1  0.00426 0.09 0.09 0.09 0.25 1.66 0
3 1 1 1  0.00258 0.08 0.05 0.07 0.15 1 0
4 -2 -2 -1  0.00283 0.11 0.06 0.1 0.34 0 0
4 -2 -2 1  0.0123 0.5 0.27 0.45 1.47 0 0
4 -2 -1 -1  0.03462 1.29 0.77 0.65 4.14 0 0
4 -2 -1 1  0.0238 1.25 0.52 0.53 2.85 0 0
4 -2 0 -1  0.02899 1.41 0.65 0.18 3.46 0 0
4 -2 0 1  0.0127 0.79 0.27 0.2 1.52 0 0
4 -2 1 -1  0.00417 0.21 0.09 0.1 0.5 0 0
4 -2 1 1  0.00255 0.17 0.06 0.08 0.3 0 0
4 -1 -2 -1  0.05251 1.99 1.16 1.92 3.14 0 0
4 -1 -2 1  0.21376 8.24 4.68 7.8 12.77 0 0
4 -1 -1 -1  0.5958 21.19 13.27 11.16 35.53 0.02 0
4 -1 -1 1  0.33882 16.92 7.36 7.74 20.21 0 0
4 -1 0 -3  0.00534 0.13 0.36 0 0.32 0 0
4 -1 0 -1  0.41496 19 9.23 2.87 24.71 0 0
4 -1 0 1  0.15791 9.24 3.41 2.73 9.41 0 0
4 -1 1 -1  0.05686 2.69 1.24 1.35 3.38 0 0
4 -1 1 1  0.03009 1.83 0.65 0.93 1.79 0 0
4 -1 2 -1  0.00614 0.3 0.13 0.25 0.37 0 0
4 -1 2 1  0.00421 0.26 0.09 0.2 0.25 0 0
4 0 -4 -1  -0.0068 -0.28 -0.15 -0.5 0 0 0
4 0 -3 -1  -0.00771 -0.29 -0.17 -0.42 0 0 0
4 0 -3 1  0.02174 1.3 0.47 1.19 0.02 0 0
4 0 -2 -3  -0.0039 -0.14 -0.26 -0.14 0 0 0
4 0 -2 -1  0.63371 23.67 13.99 23.16 -0.03 0.08 0
4 0 -2 1  2.41389 90.53 52.84 87.95 -0.35 0.07 0
4 0 -2 3  -0.00632 -0.24 -0.42 -0.24 0 0 0
4 0 -1 -3  -0.00554 -0.34 -0.37 -0.1 0 0 0
4 0 -1 -1  6.57962 223.57 146.75 123.07 -1.94 0.26 0
4 0 -1 1  2.9985 142.57 65.02 71.12 -0.78 0.06 0
4 0 -1 3  -0.00664 -0.31 -0.44 -0.19 0 0 0
4 0 0 -3  0.06257 1.51 4.19 -0.04 -0.03 0.02 0
4 0 0 -1  3.67449 157.55 81.63 29.57 -1.61 0.06 0
4 0 0 1  1.19188 65.39 25.66 23.11 -0.45 0.08 0
4 0 0 3  -0.00288 -0.15 -0.19 -0.08 0 0 0
4 0 1 -3  -0.00552 -0.15 -0.38 -0.11 0 0 0
4 0 1 -1  0.47338 20.49 10.32 11.59 -0.25 0.02 0
4 0 1 1  0.21259 11.97 4.56 6.92 -0.1 0.01 0
4 0 2 -1  0.04834 2.1 1.03 2.04 -0.03 0 0
4 0 2 1  0.02828 1.6 0.6 1.37 -0.02 0 0
4 0 3 -1  0.00449 0.2 0.09 0.27 0 0 0
4 0 3 1  0.00323 0.18 0.07 0.21 0 0 0
4 1 -2 1  -0.02957 0.54 -0.67 -1.08 -1.78 0 0
4 1 -1 -1  -0.17191 -3.93 -3.89 -3.2 -10.3 -0.02 0
4 1 -1 1  -0.05097 -1.36 -1.11 -1.24 -3.06 -0.02 0
4 1 0 -3  -0.00304 -0.09 -0.2 0 -0.18 0 0
4 1 0 -1  -0.11308 -4.83 -2.51 -0.93 -6.76 -0.02 0
4 1 0 1  -0.02549 -1.26 -0.54 -0.52 -1.53 0 0
4 1 1 -1  -0.01692 -0.79 -0.37 -0.42 -1.01 0 0
4 1 1 1  -0.00558 -0.32 -0.12 -0.19 -0.33 0 0
4 2 -2 1  -0.00277 -0.16 -0.06 -0.1 -0.33 0 0
4 2 -1 -1  -0.00438 -0.25 -0.09 -0.08 -0.52 0 0
5 0 -2 -1  -0.00505 -0.21 -0.11 -0.19 0 -1.96 0.01
5 0 -2 1  -0.00519 -0.29 -0.11 -0.2 0 -2.02 0.01
5 0 -1 -1  -0.01049 -0.54 -0.24 -0.22 0.01 -4.08 0.02
5 0 -1 1  -0.00245 -0.21 -0.05 -0.09 0 -0.95 0
5 0 0 -1  -0.00254 -0.19 -0.06 -0.07 0 -0.99 0
6 -1 -3 1  0.00415 0.24 0.09 0.23 0.25 0 0
6 -1 -2 -1  0.01091 0.59 0.24 0.4 0.65 0 0
6 -1 -2 1  0.00939 0.64 0.2 0.38 0.56 0 0
6 -1 -1 -1  0.01486 0.96 0.33 0.35 0.88 0 0
6 -1 -1 1  0.00757 0.59 0.16 0.24 0.45 0 0
6 -1 0 -1  0.00652 0.47 0.14 0.12 0.39 0 0
6 -1 0 1  0.00288 0.24 0.06 0.09 0.17 0 0
6 0 -3 -1  0.00702 0.4 0.15 0.38 0 0 0
6 0 -3 1  0.03118 1.77 0.68 1.71 0 0 0
6 0 -2 -1  0.08096 4.28 1.79 3 -0.04 0 0
6 0 -2 1  0.05963 3.97 1.28 2.46 -0.03 0 0
6 0 -1 -1  0.09403 5.84 2.08 2.28 -0.07 0 0
6 0 -1 1  0.04217 3.17 0.89 1.37 -0.03 0 0
6 0 0 -1  0.03674 2.54 0.8 0.73 -0.03 0 0
6 0 0 1  0.01465 1.19 0.31 0.47 -0.01 0 0
6 0 1 -1  0.00654 0.46 0.14 0.22 0 0 0
6 0 1 1  0.00305 0.25 0.06 0.13 0 0 0
6 1 -2 -1  -0.00256 -0.08 -0.06 -0.09 -0.15 0 0
6 1 -1 -1  -0.0035 -0.19 -0.08 -0.08 -0.21 0 0
233
0 0 0 0  385000.52719 -7992.63 -11.06 21578.08 -4.53 11.39 -0.06
0 0 0 2  -3.14837 -204.48 -138.94 159.64 -0.39 0.12 0
0 0 1 -2  79.66183 -359.45 3583.79 1454.02 -2.37 0.85 0
0 0 1 0  -20905.32206 6888.23 -35.83 -380331.74 22.31 1.77 0
0 0 1 2  -0.10326 -9.14 -4.53 8.08 0 0.02 0
0 0 2 -4  -0.00837 0.07 -0.75 -0.31 0 0 0
0 0 2 -2  -4.42124 18.29 -198.91 -161.9 0.14 -0.04 0
0 0 2 0  -569.92332 374.44 -1.99 -20737.33 5.79 0.44 0
0 0 3 0  -23.21032 26.49 -0.14 -1266.64 0.63 0.05 0
0 0 4 0  -1.11693 1.98 0 -81.26 0.06 0 0
0 0 5 0  -0.05888 0.15 0 -5.35 0 0 0
0 1 -4 0  -0.02674 -0.56 0 -1.94 -1.6 0 0
0 1 -3 0  -0.42242 -9.35 0.2 -23.04 -25.3 0 0
0 1 -2 0  -7.00293 -161.63 3.29 -254.78 -419.55 -0.12 0
0 1 -2 2  -0.0502 -1.17 -2.24 -1.83 -3.01 0 0
0 1 -1 -2  -0.00769 -0.15 -0.34 -0.04 -0.46 0 0
0 1 -1 0  -129.62476 -3122.77 61.8 -2362.46 -7767.84 -0.74 0
0 1 -1 2  0.33465 7.26 14.91 5.99 20.06 0 0
0 1 0 -2  -0.18568 -4.48 -8.29 0.54 -11.12 0 0
0 1 0 0  48.8901 1082.4 -25.99 156.78 2926.5 -3.76 0.02
0 1 0 2  -0.15803 -3.35 -7.06 -0.08 -9.46 -0.03 0
0 1 1 -2  -0.24811 -2.72 -11.08 -4.5 -14.87 0 0
0 1 1 0  104.75896 2165.07 -47.62 1929.1 6279.07 -0.6 0
0 1 1 2  -0.00682 -0.05 -0.31 -0.17 -0.41 0 0
0 1 2 -2  0.03265 0.36 1.45 1.2 1.96 0 0
0 1 2 0  5.75105 119.47 -2.62 210.76 344.76 -0.09 0
0 1 3 0  0.35509 7.33 -0.16 19.48 21.29 0 0
0 1 4 0  0.02304 0.47 0 1.68 1.38 0 0
0 2 -3 0  -0.00938 -0.29 0 -0.51 -1.12 0 0
0 2 -2 0  -0.13618 -4.1 0.09 -4.96 -16.31 0 0
0 2 -1 0  -2.11728 -59.78 1.22 -38.7 -253.61 0 0
0 2 -1 2  0.0045 0.12 0.2 0.08 0.54 0 0
0 2 0 -2  -0.00558 -0.14 -0.25 0 -0.67 0 0
0 2 0 0  1.06575 16.47 -0.6 3.28 127.54 0 0
0 2 1 0  1.16562 22.2 -0.39 21.49 139.6 0 0
0 2 2 0  0.05072 0.7 0 1.86 6.07 0 0
0 3 -1 0  -0.03894 -1.14 0.03 -0.71 -6.99 0 0
0 3 0 0  0.02127 0.03 0 0.08 3.82 0 0
0 3 1 0  0.01912 0.39 0 0.35 3.43 0 0
1 -2 -1 0  0.00844 0.1 0 0.17 1.01 3.28 0
1 -2 0 0  -0.02948 0.18 0 -0.03 -3.52 -11.46 0.06
1 -1 -2 0  -0.00422 -0.24 0 -0.13 -0.26 -1.64 0
1 -1 -1 0  0.11411 0 -0.02 2.31 6.8 44.37 -0.23
1 -1 0 -2  -0.01366 -0.21 -0.61 0 -0.82 -5.31 0.03
1 -1 0 0  0.49757 32.61 -1.42 0.14 30 193.46 -1.02
1 -1 1 0  0.10998 5.32 -0.17 2.14 6.59 42.76 -0.23
1 -1 2 0  0.01121 0.52 0 0.42 0.67 4.36 -0.02
1 0 -4 0  -0.00636 -0.18 0 -0.46 0 -2.47 0
1 0 -3 0  -0.09938 -2.83 0.09 -5.45 -0.04 -38.64 0.2
1 0 -2 0  -1.73852 -48.13 1.59 -63.71 -0.5 -675.99 3.56
1 0 -2 2  0.00457 0.03 0.2 0.16 0 1.78 0
1 0 -1 -2  -0.04232 -0.6 -1.87 -0.77 0 -16.45 0.09
1 0 -1 0  -8.37909 -219.27 9.53 -156.07 -0.84 -3257.99 17.18
1 0 -1 2  -0.02471 -0.5 -1.08 -0.46 0 -9.61 0.05
1 0 0 -2  -0.79564 -11.23 -35.24 -0.22 0 -309.37 1.63
1 0 0 0  108.74265 2351.06 -120.48 69.82 2.01 42281.56 -222.9
1 0 0 2  -0.01874 -0.51 -0.83 -0.13 0 -7.29 0.04
1 0 1 -2  0.06055 0.87 2.67 1.14 0 23.54 -0.12
1 0 1 0  6.32199 138.54 -6.74 118.1 -0.56 2458.13 -12.96
1 0 2 0  0.37852 7.87 -0.4 13.92 -0.09 147.18 -0.78
1 0 3 0  0.02368 0.46 -0.02 1.3 0 9.21 -0.05
1 1 -3 0  0.01729 0.21 0 0.95 1.04 6.72 -0.04
1 1 -2 0  0.33226 4.67 -0.1 12.19 19.9 129.18 -0.68
1 1 -1 0  0.85127 -2.92 -0.5 15.94 50.91 330.99 -1.74
1 1 0 -2  0.03379 0.04 1.48 0.11 2.02 13.14 -0.07
1 1 0 0  -16.67533 -4.78 10.81 -19.36 -997.67 -6483.73 34.18
1 1 1 -2  -0.00562 0 -0.25 -0.11 -0.34 -2.18 0
1 1 1 0  -0.93335 -1.07 0.64 -18.08 -55.84 -362.91 1.91
1 1 2 0  -0.05904 -0.12 0.04 -2.22 -3.53 -22.96 0.12
1 1 3 0  -0.00392 0 0 -0.22 -0.23 -1.52 0
1 2 -1 0  0.00438 0.14 0 0.08 0.52 1.7 0
1 2 0 0  0.03729 0.6 -0.03 0.07 4.47 14.5 -0.08
1 2 1 0  0.00646 0.12 0 0.13 0.77 2.51 0
2 -4 -1 0  -0.00426 -0.08 0 -0.08 -1.02 0 0
2 -4 0 0  -0.01578 -0.66 0 0 -3.78 0 0
2 -3 -2 0  0.01116 0.26 0 0.41 2 0 0
2 -3 -1 0  -0.14808 -2.64 0.03 -2.71 -26.58 0 0
2 -3 0 0  -0.41076 -15.67 0.09 -0.51 -73.71 0 0
2 -3 1 0  -0.02855 -1.2 0 -0.56 -5.12 0 0
2 -2 -3 0  0.01517 0.23 0 0.83 1.81 0 0
2 -2 -2 0  0.34304 6.87 -0.03 12.5 41.04 0 0
2 -2 -1 -2  0.00957 0.13 0.43 0.17 1.15 0 0
2 -2 -1 0  -4.95049 -84.9 0.91 -90.35 -592.24 0.03 0
2 -2 0 -2  0.02839 0.78 1.27 -0.11 3.4 0 0
2 -2 0 0  -9.88519 -346.35 1.99 -14.48 -1182.31 0.07 0
2 -2 1 -2  0.00792 0.09 0.36 0.14 0.95 0 0
2 -2 1 0  -0.65758 -25.02 0.18 -13.07 -78.64 0 0
2 -2 2 0  -0.04608 -1.86 0 -1.76 -5.51 0 0
2 -1 -4 0  0.02334 0.28 0 1.7 1.4 0 0
2 -1 -3 0  0.49506 7.68 0 27.04 29.62 0 0
2 -1 -2 -2  0.01518 0.17 0.68 0.54 0.91 0 0
2 -1 -2 0  10.05654 188.87 -1.29 366.36 601.57 -0.03 0
2 -1 -2 2  0.03024 0.36 1.36 1.1 1.81 0 0
2 -1 -1 -2  0.32336 4.56 14.42 5.73 19.34 0 0
2 -1 -1 0  -152.14314 -2564.2 30.4 -2771.74 -9097.84 0.06 0
2 -1 -1 2  0.03734 0.84 1.68 0.85 2.23 0 0
2 -1 0 -2  0.6571 17.83 29.3 -2.92 39.26 0 0
2 -1 0 0  -204.59357 -6583.8 38.79 -377.95 -12225.82 0.27 0
2 -1 1 -2  0.20942 1.81 9.46 3.82 12.5 0 0
2 -1 1 0  -12.83185 -434.14 2.98 -260.02 -766.51 0.02 0
2 -1 2 -2  0.01804 0.34 0.81 0.66 1.08 0 0
2 -1 2 0  -0.84883 -29.75 0.22 -32.8 -50.68 0 0
2 -1 3 0  -0.0585 -2.1 0 -3.33 -3.49 0 0
2 -1 4 0  -0.00413 -0.15 0 -0.31 -0.25 0 0
2 0 -5 0  0.0474 0.93 0 4.32 0 0 0
2 0 -4 0  0.77854 15.43 -0.13 56.71 0.05 0 0
2 0 -3 -2  0.0291 0.44 1.3 1.57 0 0 0
2 0 -3 0  14.40262 282.85 -2.35 786.99 0.58 0.14 0
2 0 -3 2  -0.02008 -0.43 -0.89 -1.09 0 0 0
2 0 -2 -2  0.47263 7.2 21.06 16.92 0 0 0
2 0 -2 0  246.15768 4806.36 -51.78 8962.91 -0.43 1.11 0
2 0 -2 2  0.77405 9.68 34.65 28.17 -0.04 0 0
2 0 -1 -2  8.7517 133.45 390.01 155.98 -0.28 0.2 0
2 0 -1 0  -3699.10468 -63127.05 818 -67236.74 147.86 -15.95 0.14
2 0 -1 2  0.59633 12.13 26.76 14.46 -0.08 0.03 0
2 0 0 -4  -0.00745 -0.11 -0.67 -0.1 0 0 0
2 0 0 -2  10.32129 282.08 460.16 -60.76 -1.29 0.06 0
2 0 0 0  -2955.96651 -86674.51 507.99 -7597.69 323.54 -19.09 0.14
2 0 0 2  0.03143 -0.69 1.43 2.99 0 0 0
2 0 1 -4  -0.01866 -0.11 -1.67 -0.33 0 0 0
2 0 1 -2  4.13118 20.86 186.87 75.09 -0.76 0 0
2 0 1 0  -170.73274 -4963.3 29.72 -3579.16 26.82 -1.82 0
2 0 2 -2  0.28399 2.9 12.83 10.35 -0.06 0 0
2 0 2 0  -10.44472 -300.48 1.81 -410.75 2.24 -0.17 0
2 0 3 -2  0.01811 0.19 0.82 0.99 0 0 0
2 0 3 0  -0.66968 -19.02 0.12 -38.59 0.19 0 0
2 0 4 0  -0.04422 -1.24 0 -3.36 0 0 0
2 1 -4 0  0.01417 1.08 0 1.03 0.85 0 0
2 1 -3 0  0.16858 15.79 -0.24 9.16 10.17 0.05 0
2 1 -2 0  0.14368 122.13 -1.91 4.58 9.23 0.13 0
2 1 -1 -2  -0.04736 2.58 -2.16 -0.89 -2.82 0 0
2 1 -1 0  24.20935 -837.26 13.3 449.34 1443.45 0.26 0
2 1 -1 2  -0.00588 -0.1 -0.26 -0.14 -0.35 0 0
2 1 0 -2  -0.13572 -4.94 -6.04 0.54 -8.13 0.03 0
2 1 0 0  30.82498 873.36 -8.4 94.4 1844.57 3.86 -0.02
2 1 1 -2  -0.05527 1.02 -2.52 -1.02 -3.29 0 0
2 1 1 0  2.6165 90.88 -1.01 56.02 156.64 0.49 0
2 1 2 -2  -0.00537 -0.03 -0.24 -0.2 -0.32 0 0
2 1 2 0  0.21252 8.11 -0.09 8.45 12.72 0.05 0
2 1 3 0  0.01704 0.68 0 0.99 1.02 0 0
2 2 -3 0  -0.01036 -0.29 0 -0.58 -1.25 0 0
2 2 -2 0  -0.10888 -2.72 0 -3.96 -13.05 0 0
2 2 -1 -2  -0.01072 -0.37 -0.47 -0.17 -1.28 0 0
2 2 -1 0  2.3538 79.52 -0.72 42.86 282.05 -0.06 0
2 2 0 0  0.14764 4.88 -0.05 4.9 17.69 -0.29 0
2 2 1 0  0.00912 0.29 0 0.46 1.09 -0.04 0
3 -2 -1 0  0.01389 0.55 0 0.26 1.66 5.4 -0.03
3 -2 0 0  -0.01048 -0.23 0 0.04 -1.25 -4.07 0.02
3 -1 -2 0  0.05293 0.92 0 1.93 3.17 20.58 -0.11
3 -1 -1 0  0.25561 9.61 -0.15 4.83 15.24 99.38 -0.52
3 -1 0 -2  0.01441 0.21 0.64 0 0.86 5.61 -0.03
3 -1 0 0  -0.15708 -2.88 -0.04 0.83 -9.42 -61.08 0.32
3 -1 1 0  -0.00887 -0.03 0 -0.09 -0.54 -3.45 0
3 0 -3 0  -0.04843 -0.72 0 -2.65 -0.03 -18.83 0.1
3 0 -2 0  0.86243 16.64 -0.34 31.48 0.13 335.34 -1.77
3 0 -1 -2  -0.00868 0 -0.39 -0.14 0 -3.38 0
3 0 -1 0  3.25823 117.77 -2.27 61.91 -1.34 1266.88 -6.68
3 0 0 -2  0.20099 2.46 8.95 -0.04 -0.07 78.15 -0.41
3 0 0 0  -1.41893 -19.43 -0.69 10.76 -0.63 -551.71 2.91
3 0 1 -2  0.00671 0.02 0.3 0.12 0 2.61 0
3 0 1 0  -0.06545 0.72 -0.1 -0.32 -0.11 -25.45 0.13
3 1 -3 0  -0.0068 -0.29 0 -0.37 -0.41 -2.64 0
3 1 -2 0  0.0381 2.03 0 1.37 2.29 14.82 -0.08
3 1 -1 0  -0.21259 -4 0.17 -4.03 -12.7 -82.66 0.44
3 1 0 -2  -0.00808 -0.12 -0.36 0 -0.48 -3.14 0
3 1 0 0  -0.10766 -3.22 0.12 -1.09 -6.42 -41.86 0.22
3 1 1 0  -0.01448 -0.44 0 -0.37 -0.86 -5.63 0.03
4 -3 -2 0  -0.00513 -0.22 0 -0.19 -0.92 0 0
4 -3 -1 0  -0.01571 -0.87 0 -0.31 -2.82 0 0
4 -3 0 0  -0.00817 -0.54 0 -0.08 -1.47 0 0
4 -2 -2 0  -0.10834 -4.38 0.04 -3.95 -12.96 0 0
4 -2 -1 0  -0.27906 -14.76 0.11 -5.61 -33.36 0 0
4 -2 0 -2  -0.00403 -0.18 -0.18 0 -0.48 0 0
4 -2 0 0  -0.12806 -8.09 0.05 -1.35 -15.3 -0.02 0
4 -2 1 0  -0.01728 -1.13 0 -0.45 -2.06 0 0
4 -1 -3 0  -0.04316 -2.19 0.02 -2.36 -2.59 0 0
4 -1 -2 -2  -0.00661 -0.25 -0.29 -0.24 -0.4 0 0
4 -1 -2 0  -1.8971 -73.13 0.79 -69.17 -113.34 -0.12 0
4 -1 -1 -2  -0.02698 -0.67 -1.2 -0.5 -1.61 0 0
4 -1 -1 0  -3.95812 -199.78 1.54 -80.75 -236.16 0.15 0
4 -1 0 -2  -0.05789 -2.54 -2.57 0.14 -3.44 -0.02 0
4 -1 0 0  -1.57145 -94.02 0.59 -18.48 -93.65 -0.26 0
4 -1 1 0  -0.20286 -12.45 0.08 -5.51 -12.08 -0.03 0
4 -1 2 0  -0.02079 -1.29 0 -0.92 -1.24 0 0
4 0 -5 0  -0.00542 -0.21 0 -0.49 0 0 0
4 0 -4 0  -0.02939 -0.87 0 -2.14 0 0 0
4 0 -3 -2  -0.00744 -0.27 -0.33 -0.41 0 0 0
4 0 -3 0  -0.51423 -25.81 0.28 -28.1 -0.19 -0.15 0
4 0 -3 2  0.00925 0.29 0.41 0.5 0 0 0
4 0 -2 -2  -0.07982 -2.91 -3.54 -2.91 0 0 0
4 0 -2 0  -21.63627 -808.81 9.47 -788.01 2.77 -1.21 0
4 0 -2 2  0.01483 0.6 0.66 0.61 0 0 0
4 0 -1 -2  -0.32176 -7.98 -14.29 -5.95 0.15 -0.11 0
4 0 -1 0  -34.78245 -1678.73 13.5 -725.23 8.97 0.88 0
4 0 -1 2  0.0055 0.25 0.25 0.21 0 0 0
4 0 0 -2  -0.50793 -21.44 -22.55 1.37 0.28 -0.17 0
4 0 0 0  -11.64993 -657.42 4.13 -155.6 4.42 -2.17 0
4 0 1 -2  0.01938 0.76 0.89 0.57 0 0 0
4 0 1 0  -1.42255 -81.3 0.5 -40.47 0.68 -0.21 0
4 0 2 -2  0.004 0.16 0.18 0.17 0 0 0
4 0 2 0  -0.13922 -7.97 0.05 -6.33 0.08 0 0
4 0 3 0  -0.01243 -0.71 0 -0.78 0 0 0
4 1 -3 0  -0.02399 -2.48 0.03 -1.3 -1.43 0 0
4 1 -2 0  0.23696 -7.25 0.12 8.69 14.25 0.02 0
4 1 -1 -2  0.01551 0.5 0.69 0.29 0.92 0 0
4 1 -1 0  0.57881 16.49 -0.1 12.27 34.72 0.13 0
4 1 0 -2  0.01969 0.95 0.87 0 1.18 0 0
4 1 0 0  0.24453 12.94 -0.1 3.44 14.63 0.04 0
4 1 1 0  0.03682 2.17 -0.02 1.07 2.2 0 0
4 1 2 0  0.0043 0.27 0 0.2 0.26 0 0
4 2 -2 0  0.02658 1.57 0 0.97 3.18 0 0
4 2 -1 0  0.01868 1.31 0 0.45 2.24 0 0
5 -1 -2 0  0.00573 0.32 0 0.22 0.34 2.23 0
5 0 -3 0  0.01149 0.49 0 0.63 0 4.47 -0.02
5 0 -2 0  0.04591 2.5 -0.04 1.73 -0.03 17.85 -0.09
5 0 0 0  -0.00814 -0.25 0 0.07 0 -3.17 0
6 -2 -2 0  -0.00618 -0.44 0 -0.24 -0.74 0 0
6 -2 -1 0  -0.00541 -0.44 0 -0.14 -0.65 0 0
6 -1 -3 0  -0.02436 -1.43 0 -1.33 -1.45 0 0
6 -1 -2 0  -0.06678 -4.61 0.04 -2.6 -3.98 0 0
6 -1 -1 0  -0.05191 -4.1 0.03 -1.42 -3.09 0 0
6 -1 0 0  -0.01709 -1.47 0 -0.42 -1.01 0 0
6 0 -4 0  -0.00659 -0.45 0 -0.48 0 0 0
6 0 -3 0  -0.18316 -10.48 0.12 -10.02 0.05 -0.02 0
6 0 -2 0  -0.4225 -28.36 0.26 -16.58 0.19 0 0
6 0 -1 -2  -0.00785 -0.44 -0.35 -0.13 0 0 0
6 0 -1 0  -0.28663 -21.86 0.16 -8.12 0.18 -0.03 0
6 0 0 0  -0.08587 -7.1 0.05 -2.25 0.07 -0.02 0
6 0 1 0  -0.0142 -1.2 0 -0.55 0 0 0
6 1 -2 0  0.00948 0.35 0 0.37 0.57 0 0
6 1 -1 0  0.0078 0.49 0 0.22 0.47 0 0
8 0 -3 0  -0.00539 -0.46 0 -0.31 0 0 0
8 0 -2 0  -0.00559 -0.53 0 -0.25 0 0 0
43
0  0 0 0 1  270  3E-5  0.075
0  0 0 1 -2  180  0.0048  0.074
0  2 0 -1 0  0  0.02206  0.087
1  -2 0 -1 -1  0.00113  0.00913  0.026
1  -2 0 -1 1  180.00049  0.00887  0.089
1  -2 0 0 -1  0.001  0.06569  0.04
1  -2 0 0 1  0.00076  0.04746  0.487
1  -2 0 1 -1  0.00029  0.04962  0.087
1  -2 0 2 -1  180.00208  0.00249  0.581
1  -2 1 0 -1  0.00098  0.00482  0.042
1  -2 1 1 -1  0.00031  0.00225  0.095
1  0 -1 0 -1  0.00067  0.00282  0.949
1  0 -1 1 -1  0.00118  0.00387  0.082
1  0 0 -3 -1  0.00129  0.00228  0.025
1  0 0 -2 -1  0.00128  0.03279  0.038
1  0 0 -2 1  180.00024  0.00387  3.574
1  0 0 -1 -3  180.00102  0.00261  0.025
1  0 0 -1 -1  0.00127  0.49141  0.075
1  0 0 -1 1  0.00051  0.05036  0.074
1  0 0 0 -3  180.00086  0.01492  0.037
1  0 0 0 -1  0.00094  7.06304  18.613
1  0 0 0 1  0.00071  0.36061  0.037
1  0 0 1 -1  0.00127  0.49331  0.076
1  0 0 1 1  0.0007  0.03838  0.025
1  0 0 2 -1  0.00126  0.03402  0.038
1  0 0 2 1  0.00069  0.00331  0.019
1  0 0 3 -1  0.00125  0.00242  0.025
1  0 1 -1 -1  0.00143  0.00249  0.081
1  0 1 0 -1  180.00079  0.0024  1.057
1  0 1 1 -1  180.00116  0.00292  0.07
1  1 0 0 -1  180.00088  0.00342  0.081
1  2 -1 -1 -1  0.00041  0.00288  0.096
1  2 -1 0 -1  0.00091  0.00646  0.042
1  2 0 -1 -1  0.00042  0.06456  0.088
1  2 0 -1 1  0.00071  0.00815  0.026
1  2 0 0 -1  0.0009  0.09642  0.041
1  2 0 0 1  0.0007  0.0048  0.019
1  2 0 1 -1  0.00102  0.01234  0.026
1  4 0 -1 -1  0.00078  0.00217  0.028
2  0 0 -1 -2  180  0.00239  0.075
2  0 0 0 -2  180  0.03638  9.307
2  0 0 0 0  180  0.00239  0.037
2  0 0 1 -2  180  0.00241  0.076
41
0  0 0 0 3  0  3E-5  0.025
0  2 0 0 -1  180  0.00217  0.088
1  -4 0 1 0  0.00071  0.00322  0.044
1  -2 -1 0 0  180.00071  0.00589  0.081
1  -2 0 -1 0  0.00075  0.01647  0.041
1  -2 0 0 -2  0.00093  0.00562  0.026
1  -2 0 0 0  0.00072  0.29854  0.088
1  -2 0 0 2  0.00077  0.00273  0.065
1  -2 0 1 -2  0.00065  0.00562  0.04
1  -2 0 1 0  0.00071  0.07332  0.53
1  -2 0 2 0  0.00066  0.00672  0.066
1  -2 1 0 0  0.00072  0.01404  0.096
1  -2 1 1 0  0.00071  0.00328  0.346
1  -1 0 0 0  180.00073  0.00212  1
1  0 -1 -1 0  180.00076  0.00227  1.127
1  0 -1 0 0  180.00058  0.00252  0.081
1  0 -1 1 0  180.00068  0.00276  0.039
1  0 0 -2 -2  0.00116  0.00377  0.025
1  0 0 -2 0  0.00067  0.01745  0.076
1  0 0 -1 -2  0.00109  0.03977  0.037
1  0 0 -1 0  0.00075  0.45586  8.847
1  0 0 -1 2  0.00062  0.00437  0.037
1  0 0 0 -2  0.00086  0.32622  0.074
1  0 0 0 0  180.00071  8.04508  0.075
1  0 0 0 2  0.00071  0.00834  0.025
1  0 0 1 -2  0.00464  0.00239  4.536
1  0 0 1 0  180.00069  0.41571  0.038
1  0 0 2 0  180.00066  0.02403  0.025
1  0 1 -1 0  0.00074  0.00257  0.898
1  0 1 1 0  0.0007  0.00212  0.036
1  1 0 0 0  0.00071  0.00218  0.039
1  2 -1 -1 0  180.00073  0.00371  0.042
1  2 -1 0 0  180.0007  0.00315  0.027
1  2 0 -1 0  180.00073  0.0835  0.04
1  2 0 0 -2  0.00102  0.01005  0.089
1  2 0 0 0  180.0007  0.04638  0.026
1  2 0 1 0  180.00067  0.00563  0.019
2  -2 0 0 -1  180  0.00293  0.088
2  0 0 -1 -1  180  0.00441  16.863
2  0 0 0 -1  0  0.08042  0.075
2  0 0 1 -1  0  0.00425  0.038
24
0  0 0 0 0  90  0.04301  99999.999
0  0 0 1 -2  270  0.00444  0.074
0  0 0 1 0  90  0.00531  0.075
0  2 0 -1 0  270  0.01961  0.087
1  -2 0 -1 -1  90.00108  0.00925  0.026
1  -2 0 -1 1  270.00046  0.00617  0.089
1  -2 0 0 -1  90.00096  0.09554  0.04
1  -2 0 0 1  270.00079  0.00854  0.487
1  -2 0 1 -1  90.00028  0.03855  0.087
1  -2 0 1 1  270.0007  0.00785  0.065
1  -2 1 0 -1  90.00096  0.00657  0.042
1  0 0 -2 -1  90.00128  0.02469  0.038
1  0 0 -2 1  90.00062  0.00485  3.574
1  0 0 -1 -1  90.00128  0.45276  0.075
1  0 0 -1 1  270.00061  0.08508  0.074
1  0 0 0 -1  90.00001  0.02809  18.613
1  0 0 0 1  90.0005  0.0039  0.037
1  0 0 1 -1  270.00126  0.45648  0.076
1  0 0 2 -1  270.00126  0.02488  0.038
1  2 -1 0 -1  270.00092  0.00745  0.042
1  2 0 -1 -1  270.00043  0.05343  0.088
1  2 0 0 -1  270.00092  0.10689  0.041
1  2 0 1 -1  270.00105  0.00992  0.026
2  0 0 0 0  90  0.00448  0.037
