 0.2650000000000000E+03, 0.1728824496930000E+02, 0.4064896055080000E-05,   20,   20,    1, 0.0000000000000000E+00, 0.0000000000000000E+00                                                                                                         
    1,    0, 0.0000000000000000E+00, 0.0000000000000000E+00, 0.0000000000000000E+00, 0.0000000000000000E+00             
    1,    1, 0.0000000000000000E+00, 0.0000000000000000E+00, 0.0000000000000000E+00, 0.0000000000000000E+00             
    2,    0,-0.3177939699038000E-01, 0.0000000000000000E+00, 0.6302192052110000E-08, 0.0000000000000000E+00             
    2,    1,-0.4939139723693000E-09, 0.1596048836604000E-08, 0.1425606048467000E-08, 0.1426922421478000E-08             
    2,    2, 0.4184962374624000E-02, 0.1245378620599000E-02, 0.1151298529854000E-06, 0.2729943583164000E-07             
    3,    0, 0.3310552979215000E-02, 0.0000000000000000E+00, 0.6278614117139000E-08, 0.0000000000000000E+00             
    3,    1,-0.2612671052339000E-02,-0.4338914699986000E-03, 0.2345873359128000E-07, 0.2800174652735000E-07             
    3,    2,-0.7288907471268000E-03,-0.1173043933906000E-02, 0.3325351203588000E-07, 0.1825063066920000E-07             
    3,    3,-0.1546624776698000E-03, 0.2384935863669000E-02, 0.6975468578578000E-08, 0.9683021844873000E-07             
    4,    0, 0.3265599899336000E-02, 0.0000000000000000E+00, 0.1075763269629000E-07, 0.0000000000000000E+00             
    4,    1, 0.4920396871261000E-03, 0.1434888318128000E-03, 0.1090406142407000E-07, 0.1072569551038000E-07             
    4,    2,-0.6300987993766000E-03, 0.2630330871648000E-03, 0.1311457406587000E-07, 0.1578358910614000E-07             
    4,    3,-0.1047527508626000E-03,-0.6699821437764000E-03, 0.5787576847822000E-08, 0.2753437610584000E-07             
    4,    4, 0.8663528462123000E-04,-0.2970368903764000E-03, 0.1304661882953000E-07, 0.1239968008881000E-07             
    5,    0,-0.1202182459510000E-02, 0.0000000000000000E+00, 0.1802716595738000E-07, 0.0000000000000000E+00             
    5,    1, 0.7502015580788000E-03,-0.2508023828499000E-03, 0.1788324831114000E-07, 0.2049493723690000E-07             
    5,    2, 0.2033043303707000E-03, 0.6147958809249000E-04, 0.1470281777411000E-07, 0.1387145727637000E-07             
    5,    3, 0.6626676527554000E-03,-0.4370521656036000E-03, 0.2843998251066000E-07, 0.1948148364007000E-07             
    5,    4,-0.2307769552926000E-04,-0.6047104715904000E-03, 0.1578862863954000E-07, 0.2936925864161000E-07             
    5,    5, 0.6450599419048001E-03, 0.2556270919853000E-03, 0.1409282686729000E-07, 0.4802062536113000E-07             
    6,    0,-0.9971479248165999E-04, 0.0000000000000000E+00, 0.3192348805227000E-07, 0.0000000000000000E+00             
    6,    1,-0.3689637507360000E-03,-0.5367043709220000E-03, 0.3266674605564000E-07, 0.3108051163028000E-07             
    6,    2,-0.2874702927558000E-04, 0.4269129512184000E-04, 0.2888626729058000E-07, 0.2893107119377000E-07             
    6,    3,-0.1930585495620000E-04, 0.1836955099421000E-03, 0.2328896053105000E-07, 0.2429799856217000E-07             
    6,    4,-0.7825617515562001E-04, 0.4575356542208000E-04, 0.1727940775550000E-07, 0.1610483931025000E-07             
    6,    5, 0.2967358835437000E-03,-0.1742565712364000E-03, 0.2086830714082000E-07, 0.1261821207676000E-07             
    6,    6, 0.4938771693044000E-03, 0.4102369776849000E-03, 0.4093432212711000E-07, 0.4622961385480000E-07             
    7,    0, 0.1846938617921000E-03, 0.0000000000000000E+00, 0.5554717870363000E-07, 0.0000000000000000E+00             
    7,    1, 0.1069887372241000E-03, 0.7947893456014000E-03, 0.5668378042444000E-07, 0.5547605969559000E-07             
    7,    2, 0.3986149124117000E-03, 0.1994042422627000E-03, 0.5393656913811000E-07, 0.5277643685540000E-07             
    7,    3,-0.3605183252112000E-03,-0.5651392573033000E-04, 0.4915735164794000E-07, 0.4737103403303000E-07             
    7,    4, 0.3513479329314000E-04, 0.3445571070230000E-03, 0.3633666848066000E-07, 0.3983518758884000E-07             
    7,    5,-0.1874037699812000E-04,-0.1799836022671000E-03, 0.2549356248568000E-07, 0.2360802305471000E-07             
    7,    6, 0.1663646306986000E-05,-0.1220426815628000E-03, 0.1372713585145000E-07, 0.9795292270609001E-08             
    7,    7, 0.4089854666183000E-03, 0.1072749359836000E-03, 0.5130009156280000E-07, 0.5167446259437000E-07             
    8,    0,-0.8717683328542000E-04, 0.0000000000000000E+00, 0.9888907580048000E-07, 0.0000000000000000E+00             
    8,    1, 0.9922336158901000E-04,-0.5133018502066000E-05, 0.9794905351003000E-07, 0.9715537239055999E-07             
    8,    2,-0.6780160184482000E-04,-0.1505492250505000E-03, 0.9689581378651000E-07, 0.9657340203177000E-07             
    8,    3,-0.2665429398226000E-04, 0.2627075165168000E-03, 0.8737656928705000E-07, 0.8818828611603000E-07             
    8,    4,-0.1218869905423000E-03,-0.1661918078467000E-03, 0.7099218985919000E-07, 0.7239278442905000E-07             
    8,    5, 0.1149373505558000E-03,-0.7661327837606000E-04, 0.4809343054921000E-07, 0.4766221315026000E-07             
    8,    6,-0.3681758927829000E-03, 0.1327099040798000E-03, 0.2633585241154000E-07, 0.3854860034084000E-07             
    8,    7, 0.1428100360275000E-03,-0.6924088904599999E-04, 0.3325412794169000E-07, 0.3721396056742000E-07             
    8,    8, 0.8734476308255000E-04, 0.6889241489250000E-04, 0.7907879277156000E-07, 0.7791933392995000E-07             
    9,    0,-0.1919071091121000E-05, 0.0000000000000000E+00, 0.1726021226829000E-06, 0.0000000000000000E+00             
    9,    1,-0.1684323129119000E-03,-0.3380383290444000E-03, 0.1743617506337000E-06, 0.1726925848351000E-06             
    9,    2,-0.2538070436043000E-03,-0.1662129993008000E-03, 0.1697354358211000E-06, 0.1689523215515000E-06             
    9,    3, 0.3192919445457000E-03, 0.5247336331426000E-04, 0.1633291739201000E-06, 0.1628043939440000E-06             
    9,    4,-0.1092751280911000E-03,-0.6250644937545999E-04, 0.1376361483741000E-06, 0.1365255023555000E-06             
    9,    5,-0.4567350098798000E-05, 0.4449563889084000E-04, 0.1001279285625000E-06, 0.9989939226078000E-07             
    9,    6,-0.1927959999225000E-04,-0.6920806781393000E-04, 0.6040134002821000E-07, 0.5975595927013000E-07             
    9,    7,-0.1157531676444000E-03, 0.1846761157069000E-03, 0.4483825713473000E-07, 0.4665266157517000E-07             
    9,    8, 0.8384597764907000E-04, 0.1718410576234000E-03, 0.8090994802024000E-07, 0.7930020726512000E-07             
    9,    9, 0.5514112603942000E-04, 0.9043209949504001E-04, 0.1422279362527000E-06, 0.1428514730291000E-06             
   10,    0, 0.1377592596314000E-03, 0.0000000000000000E+00, 0.3085840497077000E-06, 0.0000000000000000E+00             
   10,    1, 0.9126248158335000E-04, 0.1551484066890000E-03, 0.3053455136806000E-06, 0.3032850221516000E-06             
   10,    2, 0.5022355299758000E-04, 0.6056673571061000E-04, 0.3034967037228000E-06, 0.3019737879639000E-06             
   10,    3, 0.1277546359626000E-04,-0.4062472101134000E-03, 0.2891411493668000E-06, 0.2886923077856000E-06             
   10,    4, 0.3841144635364000E-04, 0.4590948302321000E-04, 0.2631015053606000E-06, 0.2622208074524000E-06             
   10,    5,-0.1052485816696000E-03, 0.8495297065855001E-04, 0.2147893956140000E-06, 0.2150479328492000E-06             
   10,    6, 0.1478466927885000E-03,-0.1141852669825000E-03, 0.1252069338070000E-06, 0.1260209810635000E-06             
   10,    7, 0.8560694501398999E-05, 0.6962138970757000E-04, 0.8809544264141001E-07, 0.8487883896014001E-07             
   10,    8,-0.8534847154915000E-04,-0.1500658841920000E-05, 0.8249942876106000E-07, 0.8153120633312000E-07             
   10,    9, 0.1333765643829000E-03,-0.1700779740113000E-03, 0.1610431260684000E-06, 0.1629232665889000E-06             
   10,   10, 0.1816132626089000E-03,-0.7144286032944000E-04, 0.2558803998708000E-06, 0.2544847432919000E-06             
   11,    0,-0.5795945175749000E-04, 0.0000000000000000E+00, 0.5377556483849000E-06, 0.0000000000000000E+00             
   11,    1, 0.7001648560266000E-04, 0.7784675627781000E-04, 0.5434626022748000E-06, 0.5382166609197000E-06             
   11,    2, 0.1185251090365000E-03, 0.1541644383569000E-03, 0.5321918766358000E-06, 0.5293645199229000E-06             
   11,    3,-0.2297041199361000E-03,-0.4285481675882000E-05, 0.5202141574453000E-06, 0.5194747371489000E-06             
   11,    4, 0.8179980677869000E-04,-0.1137407133655000E-03, 0.4787111665770000E-06, 0.4777996114587000E-06             
   11,    5,-0.2861097125671000E-04,-0.2844235270080000E-04, 0.4248152974238000E-06, 0.4259236882684000E-06             
   11,    6,-0.3328988151364000E-04, 0.9489368589853000E-04, 0.3335066671863000E-06, 0.3347047092450000E-06             
   11,    7, 0.5036476606530000E-04,-0.6179930805018999E-04, 0.2286146172811000E-06, 0.2200937827458000E-06             
   11,    8,-0.2502747990421000E-04,-0.3617888947046000E-04, 0.1365872476952000E-06, 0.1368337002465000E-06             
   11,    9, 0.4338880751807000E-04, 0.8926665393751000E-04, 0.1538828673172000E-06, 0.1547755980588000E-06             
   11,   10,-0.5884646095355000E-05, 0.1303453862551000E-03, 0.3005764813772000E-06, 0.3011744618621000E-06             
   11,   11, 0.1661472599910000E-03, 0.1728729148920000E-04, 0.4500564771040000E-06, 0.4506915969995000E-06             
   12,    0,-0.8421914774262999E-04, 0.0000000000000000E+00, 0.9590113082374000E-06, 0.0000000000000000E+00             
   12,    1,-0.9803753731618000E-04,-0.1421977755211000E-03, 0.9516458379933000E-06, 0.9455269893516000E-06             
   12,    2,-0.5698123826017000E-04,-0.8133115746092999E-05, 0.9487937905151000E-06, 0.9425886899970000E-06             
   12,    3, 0.1968689212900000E-04, 0.3232027118616000E-03, 0.9116566223632000E-06, 0.9115865656016000E-06             
   12,    4, 0.5519906336898000E-05, 0.3168978295415000E-04, 0.8814394098455000E-06, 0.8793077431204000E-06             
   12,    5, 0.1583459799570000E-04,-0.8613105726257000E-04, 0.7872936439127000E-06, 0.7803271173230000E-06             
   12,    6, 0.2796569666407000E-04, 0.3473000020080000E-04, 0.6563795874239000E-06, 0.6557274539630000E-06             
   12,    7,-0.3017024429305000E-04,-0.5888288265104000E-04, 0.5126973904473000E-06, 0.5209144646646000E-06             
   12,    8, 0.2552418024338000E-04,-0.1743567879912000E-05, 0.3710269705078000E-06, 0.3747130362368000E-06             
   12,    9,-0.9379242865317001E-04, 0.1651321065951000E-04, 0.2443392741925000E-06, 0.2467174054561000E-06             
   12,   10, 0.1487383317218000E-06, 0.6673527538838000E-04, 0.2989437458884000E-06, 0.3019876064179000E-06             
   12,   11, 0.5403696279192000E-04, 0.1140975010267000E-04, 0.5234622222010000E-06, 0.5213171069242000E-06             
   12,   12, 0.1475341246490000E-04, 0.1882899338475000E-03, 0.8069360487512000E-06, 0.8107134948502000E-06             
   13,    0, 0.9259459394742000E-04, 0.0000000000000000E+00, 0.1675834463799000E-05, 0.0000000000000000E+00             
   13,    1,-0.3608398602972000E-06, 0.3445045978470000E-05, 0.1685253057109000E-05, 0.1671188244637000E-05             
   13,    2,-0.1573288736973000E-04,-0.1269667133391000E-03, 0.1656108121526000E-05, 0.1651026598585000E-05             
   13,    3, 0.9768852063835000E-04,-0.3060531995128000E-04, 0.1626215935904000E-05, 0.1625317316602000E-05             
   13,    4,-0.1141952901629000E-03, 0.9451620737220001E-04, 0.1549870860119000E-05, 0.1538854553468000E-05             
   13,    5, 0.2230467561032000E-05, 0.6990321437689000E-04, 0.1465529003193000E-05, 0.1465386233332000E-05             
   13,    6, 0.6851295045759000E-04,-0.6928312178615000E-05, 0.1225986500079000E-05, 0.1224221576121000E-05             
   13,    7, 0.2130190568361000E-04,-0.1203746101056000E-04, 0.1020864212755000E-05, 0.1020574763702000E-05             
   13,    8, 0.1190960598695000E-04,-0.1990298917062000E-04, 0.7635066100847000E-06, 0.7740112111670000E-06             
   13,    9,-0.6201692235768000E-04,-0.1139401751714000E-03, 0.5213322915285000E-06, 0.5206755451049000E-06             
   13,   10, 0.5484724909694000E-04,-0.4592082943415000E-04, 0.4342431225637000E-06, 0.4384137581013000E-06             
   13,   11,-0.7696422384537999E-04,-0.2334568581412000E-04, 0.5038942178800000E-06, 0.4922997891523000E-06             
   13,   12, 0.5420089349594000E-04,-0.7024876683824000E-04, 0.9993286717422000E-06, 0.1000233411396000E-05             
   13,   13, 0.4574839949866000E-04,-0.1579213041997000E-04, 0.1448379290343000E-05, 0.1438194327580000E-05             
   14,    0,-0.1334897844190000E-04, 0.0000000000000000E+00, 0.2956554609990000E-05, 0.0000000000000000E+00             
   14,    1, 0.5072493886225000E-04, 0.9540437244880000E-04, 0.2948805512044000E-05, 0.2931416000331000E-05             
   14,    2, 0.2342889378930000E-04,-0.2315079084522000E-05, 0.2927078382678000E-05, 0.2912799858573000E-05             
   14,    3,-0.7235482861171000E-04,-0.1400685046897000E-03, 0.2851303971730000E-05, 0.2850478701508000E-05             
   14,    4, 0.2083606120438000E-05,-0.3545090437847000E-04, 0.2764344904826000E-05, 0.2751550786632000E-05             
   14,    5, 0.1502521743679000E-04, 0.5284464737184000E-04, 0.2593156622994000E-05, 0.2579140145464000E-05             
   14,    6,-0.9313617176051000E-04, 0.1080348342430000E-04, 0.2290354733504000E-05, 0.2279348538251000E-05             
   14,    7, 0.2351129897923000E-04, 0.6682576112325000E-04, 0.1938517848819000E-05, 0.1944730476349000E-05             
   14,    8, 0.1665223348059000E-04,-0.2171693008017000E-04, 0.1506643978827000E-05, 0.1511326688536000E-05             
   14,    9, 0.1191018786524000E-03, 0.5942470254035000E-05, 0.1046575144728000E-05, 0.1032415479722000E-05             
   14,   10,-0.5252789878909000E-04,-0.2899990103804000E-04, 0.7146856291094000E-06, 0.7385361764380000E-06             
   14,   11,-0.2899095001850000E-05,-0.2377952065045000E-04, 0.7427374592681000E-06, 0.7312983128646000E-06             
   14,   12, 0.2172992053561000E-04,-0.4760520574786000E-04, 0.1133658884765000E-05, 0.1127823537370000E-05             
   14,   13,-0.3967707603866000E-05,-0.1267860627795000E-04, 0.1857262701915000E-05, 0.1881300083507000E-05             
   14,   14, 0.6283833854884000E-04, 0.4792499337020000E-04, 0.2558155419738000E-05, 0.2548227558988000E-05             
   15,    0,-0.5260069338292000E-04, 0.0000000000000000E+00, 0.5149281061654000E-05, 0.0000000000000000E+00             
   15,    1,-0.5095143395724000E-05,-0.9267144192046000E-05, 0.5176487394908000E-05, 0.5128218314358000E-05             
   15,    2,-0.7088105506762000E-05, 0.1903112606301000E-04, 0.5088817583093000E-05, 0.5072616470509000E-05             
   15,    3, 0.5118549630622000E-05, 0.2550871106670000E-04, 0.5016381740107000E-05, 0.5010874285110000E-05             
   15,    4, 0.5628011061765000E-04,-0.4565616114654000E-04, 0.4830630475050000E-05, 0.4809636366702000E-05             
   15,    5,-0.1687993871127000E-04,-0.8387188137865001E-04, 0.4566857571604000E-05, 0.4570954994243000E-05             
   15,    6,-0.1941362485319000E-04,-0.3883109179571000E-04, 0.4086225687272000E-05, 0.4076040358346000E-05             
   15,    7,-0.4107194609241000E-04, 0.4270213629677000E-04, 0.3595112808470000E-05, 0.3614211421827000E-05             
   15,    8,-0.4929911947256000E-04, 0.5064113400309000E-04, 0.2927629245482000E-05, 0.2987754388848000E-05             
   15,    9, 0.2894783184979000E-04, 0.1020861091025000E-03, 0.2277597916162000E-05, 0.2264217551775000E-05             
   15,   10, 0.3588547880965000E-04,-0.7380703195300000E-05, 0.1568716636200000E-05, 0.1551260815551000E-05             
   15,   11, 0.2590727603140000E-04, 0.9732089741598001E-05, 0.1025884163119000E-05, 0.9625615229491001E-06             
   15,   12,-0.3302897569891000E-04, 0.8076142002464001E-05, 0.1286227547559000E-05, 0.1320121950725000E-05             
   15,   13,-0.5139258681996000E-04, 0.1098493603363000E-05, 0.2197159473372000E-05, 0.2172669236626000E-05             
   15,   14, 0.4576313922048000E-05,-0.5532553090423000E-05, 0.3365894046703000E-05, 0.3378802661325000E-05             
   15,   15,-0.4254079164137000E-05, 0.1606688012032000E-04, 0.4444933317511000E-05, 0.4471902703240000E-05             
   16,    0, 0.3046956879117000E-04, 0.0000000000000000E+00, 0.8808673728548000E-05, 0.0000000000000000E+00             
   16,    1,-0.1883375125815000E-04,-0.4207246068110000E-04, 0.8822133417483000E-05, 0.8765895112781000E-05             
   16,    2, 0.1605789876777000E-04, 0.3092763770136000E-04, 0.8752211073563000E-05, 0.8703754613291001E-05             
   16,    3, 0.8736317198244000E-04, 0.3066252662352000E-04, 0.8531443154161000E-05, 0.8569763814165000E-05             
   16,    4,-0.2764941799048000E-04, 0.2491397016687000E-04, 0.8191048767561000E-05, 0.8286807254971001E-05             
   16,    5,-0.1035013719932000E-04,-0.6518086116344000E-05, 0.7608239488615000E-05, 0.7549953331386000E-05             
   16,    6, 0.9021746789978000E-04,-0.2384296191283000E-04, 0.7032318629895000E-05, 0.6979181519016000E-05             
   16,    7, 0.1386719585299000E-05,-0.8375695304106000E-04, 0.6277014101456000E-05, 0.6378903527382000E-05             
   16,    8, 0.7519033361517000E-05,-0.5484343110228000E-05, 0.5248710916417000E-05, 0.5346567685261000E-05             
   16,    9,-0.1172687826145000E-03, 0.1077805039274000E-04, 0.4562772906758000E-05, 0.4600347020217000E-05             
   16,   10, 0.5004259911752000E-04,-0.9705622391234001E-05, 0.3401488861093000E-05, 0.3450176706691000E-05             
   16,   11, 0.2521431488435000E-04, 0.3635405773330000E-04, 0.2004346236834000E-05, 0.2015759047803000E-05             
   16,   12, 0.2102067953062000E-04,-0.1095248158506000E-04, 0.1895235045496000E-05, 0.1914740301174000E-05             
   16,   13,-0.1686369430648000E-04,-0.7951986125731000E-05, 0.2456864615099000E-05, 0.2442546031747000E-05             
   16,   14, 0.4603833639406000E-04, 0.4285383392351000E-05, 0.4042506350628000E-05, 0.3870166215432000E-05             
   16,   15,-0.2560236419130000E-04,-0.5287761273671000E-04, 0.5944848967209000E-05, 0.5956568619667000E-05             
   16,   16, 0.6006355659974000E-04, 0.8409456202797000E-05, 0.7780316449162000E-05, 0.7791495546992999E-05             
   17,    0, 0.7228611948272000E-05, 0.0000000000000000E+00, 0.1466325214127000E-04, 0.0000000000000000E+00             
   17,    1,-0.3593076900227000E-05,-0.5149118915071000E-05, 0.1477793698461000E-04, 0.1471121584327000E-04             
   17,    2,-0.1050719791630000E-04, 0.3951958024733000E-04, 0.1442947155154000E-04, 0.1442693996626000E-04             
   17,    3,-0.2124656841927000E-04, 0.8902841927279999E-05, 0.1427887898031000E-04, 0.1432947718700000E-04             
   17,    4, 0.1668065069862000E-05, 0.5816130661953000E-05, 0.1306344632825000E-04, 0.1318349254533000E-04             
   17,    5, 0.5525957697550000E-04, 0.2673649975671000E-04, 0.1223303334329000E-04, 0.1238222615786000E-04             
   17,    6,-0.2951532466566000E-04, 0.3509691162150000E-04, 0.1072305277119000E-04, 0.1039640668171000E-04             
   17,    7,-0.5097818123646000E-05,-0.3937730437467000E-04, 0.1000150363555000E-04, 0.9819512591697001E-05             
   17,    8, 0.4711543821045000E-04,-0.5609779881255000E-04, 0.8787471436200000E-05, 0.8235326243986001E-05             
   17,    9, 0.1662655300064000E-04,-0.5546691396174000E-04, 0.7627301066859000E-05, 0.7754374672671000E-05             
   17,   10,-0.9145153590949001E-04, 0.2708932885136000E-05, 0.6072286029191000E-05, 0.6402585049475000E-05             
   17,   11,-0.6947963895761000E-05,-0.3835740842312000E-04, 0.3952050299883000E-05, 0.3887151223698000E-05             
   17,   12, 0.2160212389868000E-04, 0.3129234877212000E-04, 0.2697808799740000E-05, 0.2691312394710000E-05             
   17,   13,-0.7015498163764000E-05, 0.2342565581658000E-04, 0.3077929914948000E-05, 0.3038348946208000E-05             
   17,   14,-0.1272893996900000E-04, 0.6184136500831000E-05, 0.3702270290722000E-05, 0.3708858336546000E-05             
   17,   15, 0.2090977148901000E-04, 0.1822431945459000E-04, 0.5361594486237000E-05, 0.5294005727669000E-05             
   17,   16,-0.4240232449617000E-04, 0.8629365920897000E-05, 0.9501455203208001E-05, 0.9438136971940001E-05             
   17,   17,-0.3643565384944000E-04, 0.6520296594766000E-05, 0.1334216880090000E-04, 0.1333688666348000E-04             
   18,    0,-0.3160782209377000E-07, 0.0000000000000000E+00, 0.2260977872535000E-04, 0.0000000000000000E+00             
   18,    1, 0.2409651745319000E-04, 0.4121041879383000E-05, 0.2280866664993000E-04, 0.2272723416772000E-04             
   18,    2,-0.3808754272417000E-04,-0.3759900096554000E-04, 0.2259711393939000E-04, 0.2225581732661000E-04             
   18,    3,-0.7488753746930000E-04, 0.4218801235027000E-04, 0.2176524328623000E-04, 0.2205438826418000E-04             
   18,    4,-0.4135160275974000E-05,-0.1769748496366000E-04, 0.1984973691348000E-04, 0.2064302918333000E-04             
   18,    5, 0.7904894860510000E-05,-0.1542899865191000E-04, 0.1663807061359000E-04, 0.1625612752099000E-04             
   18,    6,-0.2422514222424000E-04, 0.2685767019333000E-04, 0.1494154344689000E-04, 0.1558908406040000E-04             
   18,    7,-0.8953889673616999E-05, 0.5854099449034000E-04, 0.1228130995964000E-04, 0.1432567421442000E-04             
   18,    8,-0.3633790787860000E-04, 0.2055611259521000E-05, 0.1315580755139000E-04, 0.1220107580950000E-04             
   18,    9, 0.9398367877424001E-04, 0.2052805277025000E-05, 0.1195509716579000E-04, 0.1160480025077000E-04             
   18,   10, 0.8190744450733001E-05, 0.2611438252972000E-04, 0.1040135529275000E-04, 0.1070471089677000E-04             
   18,   11,-0.4873641218297000E-04,-0.2162546185657000E-04, 0.7302821453813000E-05, 0.7452061890969000E-05             
   18,   12,-0.2047938878228000E-04, 0.2009975587210000E-04, 0.5516901593768000E-05, 0.5266543920135000E-05             
   18,   13, 0.3018793586668000E-04,-0.3470192884471000E-05, 0.4312644277629000E-05, 0.4360829397385000E-05             
   18,   14,-0.3848675701936000E-04, 0.1470831747337000E-04, 0.5344914401045000E-05, 0.5198724329634000E-05             
   18,   15,-0.1979946155327000E-05, 0.1122473143992000E-04, 0.6315967671598000E-05, 0.6450432942650000E-05             
   18,   16,-0.1885315336478000E-04,-0.1293548895567000E-04, 0.8678380592171000E-05, 0.8799575773742000E-05             
   18,   17,-0.7205596374592000E-04, 0.3608474820689000E-05, 0.1597207784077000E-04, 0.1592027674407000E-04             
   18,   18, 0.3982192140283000E-04, 0.2957485517613000E-04, 0.2195166800847000E-04, 0.2212587243447000E-04             
   19,    0, 0.3470430941111000E-05, 0.0000000000000000E+00, 0.3080365365673000E-04, 0.0000000000000000E+00             
   19,    1,-0.5879472131305000E-04, 0.6585008411786000E-05, 0.3189540826669000E-04, 0.3207462114713000E-04             
   19,    2,-0.1729280690223000E-04,-0.2875625667961000E-04, 0.3028711508528000E-04, 0.3069436862850000E-04             
   19,    3, 0.4435491591431000E-04,-0.3914732396766000E-04, 0.3007122264554000E-04, 0.3061609623919000E-04             
   19,    4, 0.8260803766682999E-05, 0.1940210561134000E-04, 0.2378892055173000E-04, 0.2586121857569000E-04             
   19,    5,-0.6925742481018000E-04, 0.1537899824957000E-04, 0.2245843333693000E-04, 0.2313845462821000E-04             
   19,    6, 0.3915424683957000E-04,-0.1600358262850000E-04, 0.1793247790200000E-04, 0.1726609454478000E-04             
   19,    7, 0.5230575221981000E-04,-0.1693116407063000E-04, 0.1817244648354000E-04, 0.1587114334964000E-04             
   19,    8, 0.1844213559037000E-04, 0.7605192912942000E-04, 0.1599046763642000E-04, 0.1327472682617000E-04             
   19,    9,-0.4379012193234000E-04, 0.2496677377452000E-04, 0.1575363444045000E-04, 0.1612865458540000E-04             
   19,   10, 0.7227136121218000E-04,-0.2148860835234000E-04, 0.1381865675192000E-04, 0.1486100537521000E-04             
   19,   11, 0.1231988693355000E-04, 0.3692210176484000E-04, 0.1120842514954000E-04, 0.1051847104171000E-04             
   19,   12,-0.3459643076408000E-04,-0.5223947817594000E-04, 0.8855183783393000E-05, 0.9516470440585000E-05             
   19,   13,-0.1135311672491000E-04,-0.6661868058050000E-05, 0.8182348639738001E-05, 0.7991005892320999E-05             
   19,   14, 0.1155968735254000E-04, 0.1087670675828000E-04, 0.6330671010239000E-05, 0.6321612341589000E-05             
   19,   15,-0.5466708498805000E-04,-0.1390683158823000E-04, 0.5682273259762000E-05, 0.5736511884007000E-05             
   19,   16,-0.1763641171649000E-04,-0.5939128837081000E-04, 0.5351239750733000E-05, 0.5393122419057000E-05             
   19,   17, 0.1966502379529000E-04, 0.1187410520918000E-04, 0.6176469017133000E-05, 0.5897690057932000E-05             
   19,   18, 0.1772902186204000E-04,-0.2608006957300000E-04, 0.1973118833805000E-04, 0.1989391643215000E-04             
   19,   19, 0.1355622725295000E-04,-0.4230550917980000E-04, 0.3347609687528000E-04, 0.3336868665510000E-04             
   20,    0, 0.7386896112898000E-05, 0.0000000000000000E+00, 0.4118025018976000E-04, 0.0000000000000000E+00             
   20,    1, 0.1489488576035000E-04, 0.3116265664847000E-04, 0.4101880017487000E-04, 0.4103037303111000E-04             
   20,    2, 0.6305260866365000E-05,-0.3289478383933000E-04, 0.4045437064402000E-04, 0.3988124515721000E-04             
   20,    3, 0.3566854887036000E-04,-0.1956035123336000E-04, 0.3585817853011000E-04, 0.3843835203853000E-04             
   20,    4, 0.3858918894304000E-04,-0.7071105999335000E-05, 0.3247940299520000E-04, 0.3376435705370000E-04             
   20,    5,-0.2771721970696000E-04, 0.1452638788154000E-04, 0.1940374991189000E-04, 0.2218374652586000E-04             
   20,    6,-0.2813798007217000E-04,-0.5883220909142000E-05, 0.1845153254530000E-04, 0.2107762772012000E-04             
   20,    7,-0.2934150616021000E-04, 0.4509438874294000E-04, 0.1748128417435000E-04, 0.1704929617488000E-04             
   20,    8,-0.1730082329169000E-04, 0.1687440171137000E-04, 0.1895340193191000E-04, 0.1686989283473000E-04             
   20,    9,-0.3348167526029000E-04,-0.2954324249325000E-05, 0.1880941464915000E-04, 0.1589037641301000E-04             
   20,   10,-0.4083866024967000E-04,-0.3003711050255000E-04, 0.1754530015749000E-04, 0.1815941814696000E-04             
   20,   11, 0.7194854690190000E-05, 0.8568282976047000E-05, 0.1657899243127000E-04, 0.1725108360911000E-04             
   20,   12, 0.5762851519291000E-04,-0.3092761620944000E-04, 0.1494299201885000E-04, 0.1490694994232000E-04             
   20,   13,-0.2434771829708000E-04, 0.3671493352070000E-05, 0.1642687699811000E-04, 0.1596799830780000E-04             
   20,   14, 0.4507333871400000E-04,-0.5651367745112000E-05, 0.1239979499244000E-04, 0.1131653017760000E-04             
   20,   15, 0.1201898989702000E-05,-0.5126681779977000E-04, 0.8850735741950999E-05, 0.8985959189873001E-05             
   20,   16, 0.4889374790886000E-04, 0.5857290944036000E-04, 0.7224734655724000E-05, 0.7338451026286000E-05             
   20,   17, 0.1746022628164000E-04,-0.1000122868416000E-04, 0.7191645731357000E-05, 0.7329706561426000E-05             
   20,   18,-0.1181227062961000E-03,-0.9287021873343999E-04, 0.1370605158564000E-04, 0.1350009884750000E-04             
   20,   19,-0.1053877986498000E-04,-0.3477223774870000E-05, 0.3558362257674000E-04, 0.3570240752164000E-04             
   20,   20,-0.2732624476807000E-04, 0.2571662256856000E-04, 0.4558412222904000E-04, 0.4579253893744000E-04             
